  Frame         RMSD         rGyr      intraHB        MolSA         SASA          PSA
        0        0.000        3.371            0      231.239        0.000      111.059
        1        0.150        3.386            0      232.431        0.096      113.990
        2        0.154        3.380            0      232.901        0.210      117.583
        3        0.240        3.300            0      230.265        3.133      118.280
        4        0.157        3.416            0      234.281        0.954      112.905
        5        0.612        3.554            0      235.553        0.000      118.393
        6        0.537        3.555            0      235.488        0.000      114.162
        7        0.497        3.533            0      234.945        0.000      115.080
        8        0.593        3.572            0      235.952        0.091      113.096
        9        0.721        3.562            0      235.705        0.592      113.457
       10        0.376        3.475            0      231.991        0.101      114.164
       11        0.589        3.557            0      236.101        0.112      113.567
       12        0.378        3.496            0      234.500        0.218      114.591
       13        0.456        3.510            0      234.859        0.404      113.497
       14        0.591        3.565            0      237.416        1.009      112.885
       15        0.400        3.499            0      234.715        0.000      111.083
       16        0.292        3.445            0      233.477        2.129      111.605
       17        0.461        3.488            0      232.947        0.000      112.772
       18        0.586        3.582            0      236.187        0.000      115.225
       19        0.365        3.486            0      235.173        0.435      115.304
       20        0.136        3.392            0      232.947        0.000      111.451
       21        0.428        3.510            0      235.683        0.000      113.581
       22        0.480        3.522            0      234.453        0.633      111.371
       23        0.590        3.529            0      233.755        0.452      111.401
       24        0.508        3.521            0      235.184        0.000      114.137
       25        0.218        3.435            0      234.535        0.000      120.904
       26        0.121        3.384            0      232.685        0.078      114.760
       27        0.145        3.399            0      234.165        0.000      115.869
       28        0.192        3.331            0      231.781        0.787      115.520
       29        0.115        3.390            0      232.629        0.050      114.809
       30        0.170        3.376            0      233.653        0.000      118.847
       31        0.167        3.449            0      233.688        1.426      112.982
       32        0.105        3.401            0      233.347        0.000      114.175
       33        0.106        3.378            0      233.380        0.000      112.386
       34        0.114        3.398            0      233.712        0.289      112.390
       35        0.180        3.431            0      232.521        0.212      116.871
       36        0.208        3.343            0      232.038        0.262      114.316
       37        0.136        3.413            0      235.000        0.000      115.821
       38        0.149        3.348            0      231.981        0.150      112.822
       39        0.555        3.554            0      235.266        0.001      117.412
       40        0.150        3.445            0      234.156        0.000      114.880
       41        0.166        3.384            0      232.660        0.000      118.107
       42        0.205        3.343            0      231.095        0.382      116.982
       43        0.157        3.383            0      232.349        0.341      117.799
       44        0.477        3.476            0      232.679        0.083      111.500
       45        0.148        3.358            0      232.279        0.000      110.893
       46        0.321        3.284            0      228.306        0.521      116.327
       47        0.107        3.431            0      233.096        1.762      108.541
       48        0.432        3.485            0      235.499        0.296      118.809
       49        0.134        3.379            0      233.167        0.000      114.170
       50        0.121        3.409            0      233.223        0.000      111.899
       51        0.195        3.353            0      232.559        0.557      112.720
       52        0.153        3.365            0      232.394        0.019      109.478
       53        0.190        3.388            0      233.586        0.000      117.976
       54        0.128        3.373            0      232.159        0.350      115.291
       55        0.161        3.374            0      233.261        0.491      112.742
       56        0.178        3.374            0      234.155        0.499      109.696
       57        0.167        3.394            0      232.633        1.971      113.964
       58        0.216        3.315            0      232.012        0.000      113.966
       59        0.144        3.402            0      234.855        0.508      118.276
       60        0.157        3.417            0      232.757        0.484      115.436
       61        0.143        3.396            0      231.562        0.084      113.843
       62        0.140        3.404            0      233.267        1.208      114.979
       63        0.151        3.412            0      232.487        0.909      115.504
       64        0.168        3.392            0      232.656        0.000      117.656
       65        0.195        3.377            0      231.807        1.914      116.699
       66        0.240        3.368            0      232.931        0.000      119.483
       67        0.205        3.412            0      233.597        0.984      114.217
       68        0.208        3.338            0      232.352        0.159      112.774
       69        0.272        3.328            0      230.830        0.541      117.173
       70        0.127        3.363            0      231.018        0.000      112.441
       71        0.185        3.379            0      234.142        0.578      117.129
       72        0.220        3.327            0      230.334        0.000      116.012
       73        0.388        3.490            0      234.772        0.000      110.550
       74        0.134        3.359            0      230.206        1.057      109.305
       75        0.527        3.535            0      237.154        0.000      116.403
       76        0.207        3.329            0      232.179        0.000      110.435
       77        0.102        3.386            0      232.058        0.951      113.578
       78        0.147        3.377            0      232.708        0.324      115.720
       79        0.169        3.381            0      231.629        0.000      115.850
       80        0.264        3.330            0      231.540        0.000      115.119
       81        0.117        3.409            0      233.052        0.000      110.960
       82        0.182        3.401            0      232.142        2.942      118.568
       83        0.191        3.382            0      234.513        0.106      113.561
       84        0.127        3.390            0      232.649        0.000      116.590
       85        0.294        3.503            0      234.447        1.698      116.285
       86        0.172        3.339            0      230.277        0.019      113.922
       87        0.229        3.378            0      232.707        0.202      114.338
       88        0.155        3.390            0      232.553        0.559      117.541
       89        0.151        3.340            0      230.562        0.000      117.309
       90        0.426        3.492            0      234.126        0.000      111.645
       91        0.185        3.445            0      234.490        1.602      117.337
       92        0.158        3.407            0      233.414        0.000      116.377
       93        0.178        3.300            0      227.679        0.000      112.671
       94        0.139        3.329            0      230.529        0.771      111.809
       95        0.190        3.352            0      231.780        0.000      115.152
       96        0.184        3.400            0      232.389        0.295      116.702
       97        0.153        3.337            0      231.829        0.000      111.690
       98        0.154        3.373            0      232.385        0.000      114.924
       99        0.131        3.385            0      232.388        0.000      111.471
      100        0.217        3.341            0      231.093        0.000      114.904
      101        0.213        3.343            0      231.288        0.787      117.705
      102        0.161        3.341            0      229.096        0.248      116.048
      103        0.253        3.323            0      232.457        0.000      118.389
      104        0.169        3.335            0      230.645        0.661      114.849
      105        0.123        3.364            0      232.766        0.000      109.049
      106        0.159        3.399            0      233.576        0.013      115.469
      107        0.161        3.359            0      231.396        0.000      110.378
      108        0.101        3.362            0      231.817        0.000      111.283
      109        0.168        3.412            0      233.498        0.000      117.184
      110        0.149        3.361            0      232.096        0.073      115.328
      111        0.177        3.377            0      232.701        0.000      116.525
      112        0.188        3.356            0      232.442        0.045      115.147
      113        0.122        3.407            0      233.803        0.390      114.013
      114        0.108        3.384            0      232.662        0.044      110.848
      115        0.232        3.366            0      233.608        2.671      116.282
      116        0.176        3.392            0      235.245        1.543      113.677
      117        0.124        3.349            0      230.443        0.000      112.507
      118        0.209        3.305            0      230.012        0.000      116.817
      119        0.105        3.373            0      231.280        0.000      114.260
      120        0.210        3.416            0      233.720        0.418      114.074
      121        0.110        3.382            0      232.533        0.956      113.093
      122        0.166        3.386            0      231.615        0.000      111.862
      123        0.360        3.432            0      232.297        1.782      114.609
      124        0.217        3.356            0      231.669        0.000      117.782
      125        0.515        3.539            0      235.363        0.000      114.555
      126        0.150        3.369            0      232.587        0.000      114.913
      127        0.159        3.453            0      234.700        1.252      113.841
      128        0.184        3.368            0      232.726        0.044      111.577
      129        0.161        3.356            0      231.971        0.000      116.675
      130        0.145        3.350            0      231.476        0.000      116.705
      131        0.261        3.291            0      229.817        0.000      112.203
      132        0.112        3.405            0      233.340        0.000      112.384
      133        0.553        3.550            0      236.016        1.429      113.828
      134        0.439        3.499            0      234.420        0.000      110.467
      135        0.545        3.544            0      237.549        0.000      112.344
      136        0.322        3.296            0      230.179        0.307      116.426
      137        0.200        3.379            0      233.090        0.109      114.803
      138        0.273        3.290            0      229.345        0.000      114.378
      139        0.233        3.353            0      231.928        0.000      114.759
      140        0.159        3.410            0      233.062        2.479      110.964
      141        0.207        3.360            0      231.703        1.318      114.480
      142        0.123        3.376            0      232.207        2.790      113.025
      143        0.225        3.298            0      230.439        1.122      114.587
      144        0.431        3.487            0      236.149        0.000      115.650
      145        0.159        3.367            0      231.397        0.143      113.583
      146        0.227        3.307            0      230.289        0.171      112.844
      147        0.237        3.371            0      231.232        0.000      117.138
      148        0.118        3.355            0      230.447        1.285      109.870
      149        0.164        3.452            0      234.137        0.204      119.190
      150        0.284        3.342            0      233.198        0.000      113.420
      151        0.280        3.311            0      229.831        0.047      114.247
      152        0.173        3.446            0      233.370        0.000      116.646
      153        0.163        3.399            0      232.385        0.612      115.254
      154        0.216        3.330            0      232.351        0.000      114.868
      155        0.484        3.525            0      234.341        0.179      114.526
      156        0.627        3.541            0      235.058        0.000      114.297
      157        0.132        3.360            0      231.151        0.203      115.471
      158        0.610        3.541            0      236.160        0.093      112.819
      159        0.181        3.427            0      234.957        0.000      112.112
      160        0.138        3.382            0      232.822        0.982      114.046
      161        0.127        3.387            0      232.417        0.492      111.798
      162        0.200        3.368            0      232.487        3.073      117.167
      163        0.412        3.498            0      233.883        0.364      112.966
      164        0.141        3.371            0      232.328        0.000      117.410
      165        0.138        3.376            0      232.246        0.114      113.110
      166        0.179        3.357            0      232.563        0.325      117.331
      167        0.164        3.373            0      234.042        0.137      113.440
      168        0.209        3.341            0      230.784        3.027      115.559
      169        0.175        3.353            0      232.549        0.000      116.289
      170        0.152        3.405            0      233.547        0.406      116.958
      171        0.164        3.385            0      231.741        0.620      117.320
      172        0.198        3.363            0      232.330        0.000      116.705
      173        0.146        3.346            0      231.306        0.000      111.910
      174        0.188        3.385            0      233.437        0.507      116.486
      175        0.111        3.372            0      233.056        0.000      112.769
      176        0.180        3.332            0      230.650        0.064      115.159
      177        0.265        3.335            0      232.835        0.923      112.854
      178        0.334        3.279            0      230.114        0.000      113.868
      179        0.238        3.308            0      231.700        0.000      112.413
      180        0.217        3.329            0      231.515        0.694      117.458
      181        0.162        3.391            0      233.192        0.000      118.411
      182        0.324        3.330            0      230.677        0.322      119.205
      183        0.133        3.348            0      230.484        0.554      117.247
      184        0.184        3.346            0      231.318        0.099      114.158
      185        0.200        3.418            0      234.572        0.227      115.987
      186        0.131        3.417            0      234.532        0.000      113.405
      187        0.180        3.414            0      233.095        0.621      115.843
      188        0.134        3.362            0      232.545        0.000      114.854
      189        0.203        3.384            0      233.645        0.000      118.236
      190        0.111        3.386            0      232.475        0.000      111.795
      191        0.223        3.326            0      230.240        0.000      117.711
      192        0.334        3.338            0      233.579        0.774      117.038
      193        0.076        3.369            0      230.698        1.625      111.967
      194        0.164        3.363            0      232.368        0.000      114.453
      195        0.137        3.422            0      234.782        0.000      116.535
      196        0.254        3.345            0      231.942        0.000      117.077
      197        0.181        3.335            0      231.493        0.000      115.443
      198        0.169        3.350            0      231.599        0.370      116.437
      199        0.136        3.371            0      231.599        0.000      115.911
      200        0.168        3.351            0      230.733        0.000      114.426
      201        0.220        3.355            0      232.375        0.000      115.933
      202        0.121        3.343            0      231.372        0.864      110.122
      203        0.167        3.367            0      231.609        2.043      112.810
      204        0.171        3.426            0      232.768        3.194      114.779
      205        0.217        3.368            0      233.261        0.000      113.957
      206        0.227        3.317            0      230.875        0.153      113.258
      207        0.109        3.385            0      233.614        0.000      114.244
      208        0.143        3.395            0      233.229        0.000      111.217
      209        0.147        3.358            0      230.532        0.182      110.751
      210        0.212        3.299            0      229.211        0.034      116.475
      211        0.164        3.358            0      231.314        1.460      116.225
      212        0.088        3.394            0      234.091        2.381      111.133
      213        0.171        3.421            0      234.807        0.090      113.937
      214        0.219        3.448            0      234.447        0.518      118.617
      215        0.140        3.376            0      233.050        0.000      117.714
      216        0.271        3.309            0      229.944        0.096      112.628
      217        0.218        3.375            0      232.613        0.000      117.299
      218        0.170        3.360            0      232.533        0.000      115.481
      219        0.188        3.402            0      231.446        1.080      116.435
      220        0.215        3.358            0      231.273        1.393      120.967
      221        0.107        3.377            0      232.118        0.572      116.288
      222        0.292        3.261            0      228.922        0.705      112.964
      223        0.186        3.445            0      233.234        0.566      107.559
      224        0.428        3.520            0      235.524        0.269      116.732
      225        0.162        3.422            0      235.457        0.492      113.548
      226        0.247        3.353            0      233.791        0.000      115.118
      227        0.140        3.406            0      234.801        0.103      113.125
      228        0.137        3.391            0      233.097        1.472      114.818
      229        0.214        3.380            0      234.358        0.036      118.352
      230        0.249        3.311            0      228.678        0.070      112.794
      231        0.200        3.416            0      233.837        0.000      114.673
      232        0.198        3.321            0      231.491        1.215      111.306
      233        0.456        3.457            0      233.176        2.300      116.489
      234        0.271        3.443            0      232.810        0.037      118.159
      235        0.205        3.310            0      231.448        0.000      111.296
      236        0.168        3.376            0      233.034        2.021      115.054
      237        0.250        3.311            0      230.004        0.085      114.539
      238        0.247        3.319            0      231.092        0.427      114.699
      239        0.130        3.398            0      232.564        0.343      114.644
      240        0.603        3.543            0      234.138        0.000      114.756
      241        0.178        3.421            0      235.038        0.222      116.029
      242        0.520        3.511            0      233.178        0.493      113.523
      243        0.249        3.291            0      230.887        0.169      114.650
      244        0.382        3.425            0      233.409        0.166      118.050
      245        0.324        3.292            0      231.557        0.047      115.102
      246        0.120        3.370            0      231.504        0.000      111.463
      247        0.154        3.362            0      231.556        0.192      117.229
      248        0.158        3.365            0      231.997        0.000      116.153
      249        0.329        3.410            0      233.633        1.940      110.505
      250        0.193        3.364            0      231.906        0.000      109.244
      251        0.502        3.502            0      234.876        0.000      116.382
      252        0.535        3.510            0      235.359        0.304      114.712
      253        0.548        3.555            0      236.509        3.521      113.423
      254        0.220        3.329            0      232.914        0.760      116.651
      255        0.529        3.502            0      235.075        0.000      111.338
      256        0.229        3.380            0      231.800        0.083      117.036
      257        0.420        3.415            0      233.273        0.341      112.848
      258        0.170        3.349            0      231.874        1.039      113.428
      259        0.470        3.489            0      234.438        0.295      115.873
      260        0.400        3.441            0      233.179        0.030      113.181
      261        0.308        3.398            0      231.998        0.866      112.484
      262        0.116        3.412            0      233.176        2.110      112.580
      263        0.180        3.359            0      230.569        1.962      119.452
      264        0.137        3.346            0      231.230        0.143      113.437
      265        0.165        3.390            0      233.266        0.329      114.220
      266        0.117        3.402            0      232.366        2.999      114.286
      267        0.101        3.373            0      232.345        0.606      111.413
      268        0.206        3.362            0      232.073        0.812      117.143
      269        0.267        3.297            0      229.858        0.061      112.988
      270        0.228        3.346            0      231.907        3.735      116.974
      271        0.180        3.332            0      229.759        0.935      115.530
      272        0.119        3.422            0      233.990        0.351      112.428
      273        0.131        3.380            0      233.127        0.148      111.984
      274        0.124        3.410            0      233.937        0.976      113.564
      275        0.184        3.346            0      230.665        0.000      116.312
      276        0.197        3.415            0      234.656        2.419      116.471
      277        0.145        3.358            0      231.767        0.000      113.351
      278        0.165        3.393            0      233.282        1.254      113.685
      279        0.124        3.426            0      233.725        3.170      111.683
      280        0.416        3.473            0      233.766        1.357      111.115
      281        0.140        3.349            0      231.247        0.302      113.843
      282        0.168        3.343            0      232.325        1.114      115.837
      283        0.153        3.379            0      232.756        2.845      115.028
      284        0.429        3.456            0      233.774        0.879      117.355
      285        0.109        3.381            0      230.903        0.613      112.173
      286        0.245        3.377            0      232.401        4.218      117.483
      287        0.629        3.518            0      233.698        0.116      115.649
      288        0.212        3.377            0      233.849        0.000      113.645
      289        0.147        3.355            0      231.405        0.635      113.774
      290        0.167        3.365            0      231.904        0.166      115.189
      291        0.147        3.385            0      233.436        1.347      114.786
      292        0.148        3.411            0      234.052        0.066      112.896
      293        0.133        3.397            0      233.118        1.631      111.247
      294        0.115        3.378            0      233.700        0.271      110.726
      295        0.194        3.364            0      232.281        0.000      120.305
      296        0.209        3.407            0      231.957        0.412      117.863
      297        0.143        3.347            0      230.230        0.000      115.013
      298        0.137        3.360            0      231.459        1.085      111.886
      299        0.171        3.350            0      231.668        0.519      113.364
      300        0.132        3.355            0      232.310        2.850      113.442
      301        0.176        3.332            0      231.132        0.000      114.366
      302        0.491        3.540            0      236.048        0.046      115.289
      303        0.183        3.381            0      231.958        2.702      116.309
      304        0.320        3.245            0      227.812        0.000      114.007
      305        0.215        3.381            0      231.802        3.383      113.869
      306        0.331        3.271            0      228.144        0.591      118.408
      307        0.376        3.475            0      233.722        1.846      116.266
      308        0.164        3.383            0      231.442        0.879      117.232
      309        0.137        3.409            0      232.642        0.629      115.255
      310        0.224        3.304            0      229.691        0.000      111.771
      311        0.290        3.307            0      230.484        0.212      119.364
      312        0.219        3.351            0      232.001        0.370      114.085
      313        0.302        3.273            0      227.889        0.000      117.008
      314        0.148        3.358            0      232.565        0.000      112.380
      315        0.170        3.366            0      232.717        0.244      113.313
      316        0.133        3.375            0      232.177        1.230      115.896
      317        0.161        3.350            0      232.406        0.190      114.500
      318        0.176        3.326            0      229.627        0.602      114.094
      319        0.154        3.372            0      232.784        0.000      112.893
      320        0.246        3.290            0      229.995        0.162      113.696
      321        0.256        3.297            0      231.205        0.288      112.685
      322        0.178        3.389            0      233.710        0.765      120.382
      323        0.237        3.314            0      231.075        1.592      116.959
      324        0.214        3.357            0      231.779        2.086      116.938
      325        0.196        3.326            0      232.403        2.041      111.777
      326        0.195        3.308            0      231.093        0.200      111.439
      327        0.161        3.369            0      232.343        1.121      111.839
      328        0.289        3.299            0      230.566        0.027      115.683
      329        0.141        3.412            0      234.110        1.195      115.521
      330        0.112        3.383            0      232.940        3.877      113.344
      331        0.224        3.477            0      234.915        0.012      112.750
      332        0.273        3.308            0      231.606        2.514      112.748
      333        0.145        3.423            0      234.094        1.478      120.405
      334        0.535        3.538            0      234.994        0.040      110.968
      335        0.205        3.358            0      232.462        0.000      116.930
      336        0.124        3.406            0      233.777        1.104      115.637
      337        0.208        3.322            0      230.349        0.000      115.524
      338        0.212        3.374            0      232.448        0.787      113.717
      339        0.154        3.451            0      235.035        0.037      110.309
      340        0.229        3.322            0      230.802        0.389      113.578
      341        0.181        3.312            0      229.487        0.000      114.148
      342        0.194        3.317            0      229.406        0.439      113.636
      343        0.200        3.294            0      229.499        0.000      112.708
      344        0.190        3.383            0      233.432        0.000      115.872
      345        0.192        3.357            0      231.187        0.011      117.597
      346        0.273        3.350            0      234.273        0.000      114.504
      347        0.266        3.329            0      232.549        0.265      118.014
      348        0.215        3.326            0      231.285        0.000      115.236
      349        0.104        3.387            0      232.351        0.000      115.891
      350        0.214        3.449            0      232.142        0.084      116.671
      351        0.271        3.348            0      234.394        0.122      113.862
      352        0.208        3.312            0      231.529        0.000      113.870
      353        0.158        3.410            0      233.360        0.263      117.250
      354        0.214        3.323            0      231.401        0.000      112.452
      355        0.199        3.305            0      230.426        0.090      111.586
      356        0.127        3.391            0      232.531        0.000      112.635
      357        0.141        3.416            0      234.214        0.481      114.871
      358        0.120        3.374            0      232.558        0.005      116.920
      359        0.195        3.330            0      229.259        0.000      115.895
      360        0.200        3.384            0      232.410        0.000      117.911
      361        0.194        3.331            0      230.228        1.337      114.457
      362        0.394        3.519            0      235.083        0.073      114.174
      363        0.280        3.325            0      231.572        0.448      121.503
      364        0.194        3.356            0      231.518        0.000      113.365
      365        0.150        3.363            0      232.217        0.121      116.976
      366        0.166        3.400            0      232.900        2.665      111.238
      367        0.223        3.347            0      233.397        0.088      114.841
      368        0.186        3.378            0      232.007        0.625      115.971
      369        0.142        3.365            0      231.768        1.988      117.473
      370        0.172        3.419            0      232.698        1.481      117.998
      371        0.191        3.347            0      231.059        0.474      113.742
      372        0.262        3.396            0      232.871        2.245      115.355
      373        0.574        3.552            0      235.936        1.599      115.552
      374        0.200        3.370            0      230.177        0.790      116.465
      375        0.218        3.372            0      233.263        1.496      115.357
      376        0.115        3.389            0      232.876        0.136      115.117
      377        0.137        3.348            0      231.064        0.670      110.087
      378        0.144        3.377            0      233.241        0.557      115.696
      379        0.210        3.352            0      232.672        0.845      112.525
      380        0.161        3.367            0      232.170        4.001      116.647
      381        0.129        3.400            0      234.349        1.269      115.106
      382        0.249        3.279            0      229.090        1.176      114.372
      383        0.101        3.410            0      233.133        1.222      111.272
      384        0.292        3.306            0      230.850        0.941      116.938
      385        0.207        3.398            0      233.456        0.000      117.123
      386        0.170        3.370            0      233.216        0.077      111.347
      387        0.239        3.308            0      230.465        0.000      113.372
      388        0.198        3.377            0      232.322        0.432      113.311
      389        0.112        3.381            0      232.691        0.696      111.941
      390        0.177        3.405            0      231.940        0.552      113.339
      391        0.168        3.340            0      231.478        0.670      117.724
      392        0.130        3.374            0      231.669        1.927      112.571
      393        0.135        3.390            0      230.895        2.087      112.590
      394        0.258        3.311            0      230.905        0.036      114.811
      395        0.167        3.437            0      233.277        0.096      109.454
      396        0.138        3.374            0      231.321        0.103      114.951
      397        0.171        3.342            0      230.942        1.302      111.272
      398        0.140        3.390            0      232.134        1.460      112.498
      399        0.211        3.358            0      230.209        0.387      121.100
      400        0.148        3.382            0      232.605        0.521      114.066
      401        0.385        3.487            0      233.816        0.888      114.500
      402        0.248        3.349            0      231.508        0.765      113.448
      403        0.163        3.359            0      231.541        0.000      112.274
      404        0.208        3.368            0      233.406        0.993      117.845
      405        0.258        3.347            0      231.456        1.293      115.311
      406        0.225        3.433            0      232.907        1.191      114.829
      407        0.107        3.391            0      231.262        0.450      110.451
      408        0.133        3.408            0      232.781        0.272      113.191
      409        0.243        3.330            0      233.274        0.386      115.014
      410        0.200        3.345            0      232.456        0.061      115.118
      411        0.355        3.282            0      231.069        0.335      115.932
      412        0.126        3.386            0      232.073        0.000      112.475
      413        0.191        3.434            0      233.490        0.553      118.449
      414        0.365        3.427            0      233.390        1.071      112.514
      415        0.236        3.339            0      231.171        0.667      114.455
      416        0.228        3.353            0      231.411        1.115      115.363
      417        0.137        3.427            0      233.645        0.073      113.302
      418        0.176        3.340            0      231.693        0.000      112.581
      419        0.174        3.359            0      232.247        0.000      116.563
      420        0.195        3.352            0      232.248        0.818      112.659
      421        0.192        3.358            0      231.377        1.046      115.799
      422        0.277        3.347            0      234.808        1.956      115.112
      423        0.223        3.342            0      231.659        0.275      117.514
      424        0.155        3.344            0      230.761        2.594      114.069
      425        0.102        3.388            0      232.450        4.148      115.032
      426        0.141        3.348            0      230.795        0.467      115.654
      427        0.265        3.296            0      230.097        0.293      115.373
      428        0.179        3.315            0      230.883        0.210      113.353
      429        0.146        3.314            0      230.129        0.992      115.727
      430        0.214        3.361            0      233.126        0.615      115.327
      431        0.222        3.408            0      235.152        0.276      117.709
      432        0.232        3.339            0      231.902        1.738      116.065
      433        0.185        3.358            0      231.754        1.992      112.500
      434        0.132        3.366            0      232.364        3.398      114.287
      435        0.316        3.291            0      230.363        3.155      118.314
      436        0.128        3.384            0      231.733        1.540      111.401
      437        0.225        3.323            0      230.367        2.831      114.654
      438        0.139        3.370            0      231.409        1.132      116.265
      439        0.143        3.404            0      234.590        1.975      114.073
      440        0.264        3.327            0      231.827        1.682      113.295
      441        0.205        3.329            0      230.636        4.545      115.216
      442        0.484        3.523            0      236.234        0.462      112.845
      443        0.192        3.364            0      232.377        0.177      113.062
      444        0.552        3.544            0      236.363        3.053      114.547
      445        0.280        3.460            0      232.331        2.007      114.742
      446        0.474        3.535            0      235.362        0.040      113.178
      447        0.388        3.475            0      233.536        0.098      114.382
      448        0.344        3.470            0      234.253        1.493      113.640
      449        0.314        3.474            0      233.873        1.443      115.648
      450        0.590        3.517            0      234.685        0.000      112.053
      451        0.514        3.525            0      235.093        0.731      113.778
      452        0.349        3.469            0      233.012        0.000      112.224
      453        0.324        3.390            0      231.256        3.084      116.867
      454        0.122        3.370            0      231.043        2.281      115.250
      455        0.438        3.504            0      234.847        0.769      114.134
      456        0.111        3.415            0      233.582        0.099      111.221
      457        0.248        3.307            0      230.474        2.628      113.261
      458        0.161        3.348            0      231.183        0.273      116.785
      459        0.135        3.375            0      234.120        0.428      112.253
      460        0.112        3.386            0      231.559        0.837      114.761
      461        0.161        3.338            0      229.685        0.000      113.327
      462        0.185        3.384            0      231.797        0.000      117.376
      463        0.276        3.390            0      232.897        0.015      116.669
      464        0.483        3.509            0      235.685        0.206      114.131
      465        0.153        3.428            0      232.910        2.508      112.698
      466        0.184        3.389            0      232.420        0.300      114.208
      467        0.490        3.537            0      234.338        0.096      114.601
      468        0.496        3.528            0      233.915        0.000      114.956
      469        0.488        3.511            0      232.878        0.687      115.440
      470        0.480        3.537            0      235.681        0.168      116.962
      471        0.440        3.526            0      236.575        0.084      114.089
      472        0.170        3.392            0      232.223        0.161      113.274
      473        0.338        3.420            0      233.294        0.987      115.153
      474        0.170        3.386            0      232.386        0.547      116.299
      475        0.216        3.370            0      234.130        1.111      117.357
      476        0.122        3.388            0      231.111        5.123      114.096
      477        0.191        3.372            0      231.814        2.553      112.900
      478        0.145        3.385            0      232.614        2.127      113.862
      479        0.203        3.355            0      233.243        3.006      113.610
      480        0.257        3.337            0      230.699        2.749      117.690
      481        0.261        3.340            0      232.034        0.191      118.978
      482        0.122        3.441            0      233.766        0.226      111.991
      483        0.160        3.335            0      231.240        0.768      112.775
      484        0.526        3.504            0      235.160        0.251      111.419
      485        0.560        3.564            0      236.704        0.134      115.323
      486        0.258        3.356            0      231.546        3.929      114.772
      487        0.425        3.484            0      235.160        0.121      109.540
      488        0.489        3.511            0      234.196        0.809      114.546
      489        0.319        3.480            0      233.900        1.804      113.815
      490        0.328        3.474            0      235.679        0.923      115.361
      491        0.267        3.371            0      232.615        2.642      118.330
      492        0.331        3.482            0      234.236        0.656      114.555
      493        0.339        3.487            0      234.445        1.797      114.592
      494        0.432        3.514            0      235.387        0.028      113.294
      495        0.537        3.509            0      234.151        0.215      112.010
      496        0.394        3.513            0      234.436        0.753      115.296
      497        0.348        3.305            0      228.994        0.837      117.099
      498        0.371        3.477            0      233.747        0.000      117.898
      499        0.518        3.520            0      234.375        0.741      112.062
      500        0.472        3.540            0      234.961        1.518      114.890
      501        0.382        3.499            0      235.078        0.464      112.779
      502        0.153        3.366            0      232.338        0.081      112.742
      503        0.560        3.524            0      235.181        1.045      116.736
      504        0.145        3.366            0      232.400        2.167      113.241
      505        0.215        3.324            0      230.820        0.000      114.661
      506        0.620        3.528            0      233.784        1.280      112.355
      507        0.273        3.441            0      233.234        1.141      113.130
      508        0.471        3.545            0      235.920        0.295      118.434
      509        0.343        3.476            0      233.883        0.503      113.588
      510        0.497        3.501            0      233.851        0.299      110.124
      511        0.272        3.442            0      233.831        3.432      117.346
      512        0.219        3.344            0      231.720        2.227      114.579
      513        0.167        3.318            0      231.127        0.000      111.916
      514        0.219        3.319            0      229.360        1.339      115.500
      515        0.178        3.455            0      235.546        2.635      116.235
      516        0.313        3.269            0      228.264        0.385      117.267
      517        0.205        3.461            0      235.229        1.482      115.000
      518        0.148        3.449            0      234.915        2.354      115.412
      519        0.127        3.401            0      231.864        1.619      112.982
      520        0.139        3.400            0      232.610        1.824      115.799
      521        0.114        3.416            0      233.067        2.332      115.588
      522        0.126        3.381            0      233.340        3.226      111.455
      523        0.340        3.295            0      229.120        0.347      116.564
      524        0.329        3.329            0      232.435        0.029      113.910
      525        0.153        3.352            0      232.747        0.971      112.699
      526        0.177        3.353            0      231.260        0.517      113.902
      527        0.424        3.469            0      233.906        0.151      111.897
      528        0.102        3.392            0      231.062        4.885      112.071
      529        0.141        3.420            0      231.921        0.963      114.983
      530        0.157        3.370            0      232.344        0.879      117.296
      531        0.187        3.331            0      232.019        0.000      116.403
      532        0.180        3.403            0      233.345        2.261      115.744
      533        0.222        3.376            0      232.780        2.202      114.951
      534        0.162        3.425            0      234.036        0.918      112.377
      535        0.299        3.276            0      229.166        2.091      114.622
      536        0.125        3.392            0      232.941        2.030      113.585
      537        0.175        3.397            0      233.417        5.412      113.759
      538        0.117        3.419            0      232.407        1.443      115.553
      539        0.299        3.347            0      233.949        0.000      114.249
      540        0.183        3.361            0      231.437        0.505      110.973
      541        0.187        3.439            0      234.574        1.206      115.087
      542        0.211        3.403            0      232.874        2.104      117.334
      543        0.155        3.353            0      231.032        0.691      114.908
      544        0.198        3.401            0      233.901        1.774      117.343
      545        0.234        3.382            0      233.757        0.000      115.415
      546        0.205        3.382            0      232.799        1.475      116.218
      547        0.201        3.346            0      230.713        1.332      114.593
      548        0.250        3.288            0      230.258        0.599      114.924
      549        0.116        3.390            0      234.048        1.920      111.707
      550        0.139        3.412            0      233.253        0.984      113.712
      551        0.207        3.365            0      233.421        1.289      109.428
      552        0.171        3.376            0      233.310        1.833      118.634
      553        0.196        3.383            0      233.539        1.678      114.893
      554        0.152        3.378            0      231.175        0.766      116.832
      555        0.172        3.319            0      230.540        0.000      114.332
      556        0.234        3.361            0      232.351        0.220      114.453
      557        0.179        3.362            0      232.100        0.984      111.410
      558        0.174        3.339            0      230.970        3.260      112.114
      559        0.152        3.371            0      232.235        0.005      116.128
      560        0.231        3.449            0      233.329        0.172      112.803
      561        0.226        3.464            0      235.380        1.475      118.037
      562        0.233        3.355            0      232.046        1.851      117.327
      563        0.151        3.414            0      234.267        0.672      115.870
      564        0.197        3.361            0      232.771        0.524      113.270
      565        0.206        3.349            0      231.806        0.061      113.972
      566        0.181        3.402            0      233.436        1.914      113.768
      567        0.150        3.367            0      231.885        0.613      114.134
      568        0.419        3.477            0      234.377        0.615      111.239
      569        0.164        3.397            0      234.537        0.000      114.397
      570        0.133        3.418            0      233.643        0.470      114.093
      571        0.168        3.345            0      231.672        1.622      113.471
      572        0.164        3.415            0      233.626        0.383      114.804
      573        0.157        3.369            0      232.021        0.265      114.086
      574        0.136        3.364            0      232.494        0.000      113.111
      575        0.262        3.443            0      233.630        0.948      110.920
      576        0.149        3.405            0      233.165        1.772      114.711
      577        0.163        3.386            0      234.572        0.785      113.008
      578        0.125        3.390            0      233.226        0.828      114.417
      579        0.199        3.344            0      231.588        1.860      115.815
      580        0.388        3.445            0      232.190        0.701      112.994
      581        0.244        3.327            0      230.910        2.469      113.989
      582        0.494        3.501            0      233.386        0.000      110.550
      583        0.184        3.348            0      232.791        0.159      110.937
      584        0.163        3.383            0      231.931        3.100      116.526
      585        0.169        3.354            0      230.705        0.110      114.182
      586        0.232        3.313            0      231.148        0.659      114.533
      587        0.204        3.486            0      236.383        0.318      114.052
      588        0.195        3.410            0      234.098        1.378      120.283
      589        0.148        3.396            0      232.568        0.000      116.195
      590        0.220        3.319            0      231.647        1.354      113.945
      591        0.161        3.423            0      232.848        0.511      112.999
      592        0.129        3.431            0      234.652        0.589      111.296
      593        0.309        3.294            0      230.682        0.272      115.544
      594        0.129        3.367            0      232.119        3.401      115.717
      595        0.179        3.325            0      230.823        0.556      114.257
      596        0.117        3.361            0      231.946        0.011      114.516
      597        0.142        3.382            0      230.941        1.602      116.163
      598        0.165        3.376            0      232.081        1.215      114.041
      599        0.171        3.356            0      231.973        0.033      116.767
      600        0.182        3.411            0      234.891        0.171      117.805
      601        0.189        3.382            0      231.982        0.849      118.445
      602        0.488        3.525            0      235.320        0.853      117.877
      603        0.192        3.310            0      230.221        0.618      113.956
      604        0.249        3.349            0      231.197        0.097      116.914
      605        0.189        3.409            0      233.528        0.190      114.669
      606        0.178        3.434            0      233.179        1.702      118.069
      607        0.126        3.420            0      234.552        0.415      114.658
      608        0.127        3.359            0      231.158        1.299      113.814
      609        0.102        3.372            0      231.861        0.360      112.117
      610        0.129        3.394            0      232.445        0.037      114.471
      611        0.122        3.361            0      230.529        0.241      113.612
      612        0.210        3.354            0      233.221        3.120      114.939
      613        0.201        3.334            0      230.929        1.052      113.991
      614        0.181        3.335            0      230.894        0.075      112.894
      615        0.182        3.413            0      233.909        0.150      116.451
      616        0.454        3.487            0      234.472        0.391      116.094
      617        0.180        3.398            0      232.245        1.039      116.144
      618        0.167        3.334            0      231.488        1.712      114.713
      619        0.197        3.407            0      233.239        0.333      117.343
      620        0.240        3.363            0      233.242        0.706      117.277
      621        0.250        3.312            0      229.537        0.661      122.359
      622        0.163        3.415            0      233.044        1.087      116.121
      623        0.167        3.389            0      233.306        2.085      115.533
      624        0.151        3.352            0      231.586        0.758      113.829
      625        0.400        3.468            0      233.799        1.350      116.883
      626        0.208        3.400            0      231.543        0.943      113.073
      627        0.220        3.397            0      231.396        1.075      115.590
      628        0.096        3.376            0      232.184        0.000      113.235
      629        0.197        3.358            0      230.191        1.069      115.278
      630        0.161        3.403            0      233.974        1.273      112.528
      631        0.138        3.369            0      232.429        1.295      114.956
      632        0.130        3.381            0      232.775        1.064      115.948
      633        0.166        3.406            0      232.207        2.175      117.714
      634        0.151        3.414            0      234.369        2.874      117.523
      635        0.216        3.416            0      233.977        1.022      114.815
      636        0.132        3.351            0      230.915        2.028      114.022
      637        0.260        3.352            0      233.948        0.913      114.321
      638        0.184        3.393            0      232.585        0.910      114.340
      639        0.206        3.323            0      229.496        2.453      116.590
      640        0.193        3.338            0      231.886        0.563      112.383
      641        0.218        3.359            0      232.657        0.318      117.532
      642        0.208        3.376            0      232.994        0.076      114.297
      643        0.322        3.289            0      230.137        0.234      116.120
      644        0.158        3.421            0      235.519        1.228      115.888
      645        0.147        3.399            0      234.393        0.000      111.264
      646        0.176        3.408            0      234.324        0.000      110.445
      647        0.191        3.463            0      234.975        0.294      115.440
      648        0.464        3.534            0      235.596        0.000      115.777
      649        0.429        3.538            0      236.054        0.000      116.021
      650        0.145        3.400            0      231.835        0.223      113.994
      651        0.187        3.292            0      231.522        0.000      112.724
      652        0.156        3.395            0      232.737        0.467      117.437
      653        0.130        3.363            0      230.876        0.000      110.514
      654        0.189        3.326            0      229.825        0.000      115.770
      655        0.497        3.530            0      234.390        1.168      113.060
      656        0.653        3.536            0      235.705        0.000      115.275
      657        0.220        3.474            0      236.191        0.000      110.688
      658        0.612        3.585            0      237.873        1.115      116.341
      659        0.206        3.362            0      231.398        0.000      115.623
      660        0.260        3.346            0      232.059        0.707      114.321
      661        0.191        3.404            0      233.171        0.000      115.679
      662        0.137        3.441            0      233.362        0.000      113.819
      663        0.136        3.375            0      231.700        0.000      116.867
      664        0.247        3.303            0      230.447        1.111      113.680
      665        0.156        3.382            0      233.294        0.031      115.893
      666        0.104        3.374            0      231.915        1.113      109.362
      667        0.193        3.391            0      231.912        0.000      114.290
      668        0.194        3.338            0      230.819        0.000      113.124
      669        0.197        3.339            0      232.355        2.092      112.760
      670        0.262        3.312            0      232.407        0.408      113.089
      671        0.178        3.347            0      231.731        0.499      113.404
      672        0.125        3.377            0      231.616        2.398      112.704
      673        0.206        3.335            0      231.776        0.121      115.571
      674        0.195        3.366            0      231.558        0.522      117.614
      675        0.153        3.363            0      232.938        0.000      112.900
      676        0.123        3.391            0      233.318        1.820      113.974
      677        0.225        3.352            0      230.475        0.013      115.471
      678        0.170        3.327            0      230.977        0.067      112.896
      679        0.253        3.284            0      230.559        0.000      113.082
      680        0.137        3.411            0      233.788        0.000      112.781
      681        0.267        3.292            0      230.234        0.000      117.051
      682        0.364        3.480            0      234.388        4.828      114.382
      683        0.174        3.406            0      231.997        0.666      118.776
      684        0.185        3.351            0      231.405        1.958      115.897
      685        0.136        3.393            0      231.995        1.685      113.960
      686        0.169        3.426            0      234.405        0.148      116.921
      687        0.143        3.381            0      230.683        0.339      112.054
      688        0.218        3.327            0      229.483        0.000      115.016
      689        0.191        3.448            0      234.024        0.635      115.000
      690        0.138        3.412            0      233.028        0.218      112.995
      691        0.225        3.313            0      229.156        0.352      112.186
      692        0.238        3.343            0      230.800        0.000      117.726
      693        0.157        3.375            0      232.571        1.756      113.283
      694        0.164        3.391            0      233.095        0.000      111.652
      695        0.114        3.434            0      234.057        0.989      113.839
      696        0.162        3.391            0      231.992        1.056      115.140
      697        0.187        3.342            0      231.025        0.667      110.043
      698        0.175        3.396            0      233.990        0.702      116.101
      699        0.127        3.375            0      232.380        1.456      112.960
      700        0.146        3.403            0      233.999        1.263      116.161
      701        0.161        3.337            0      230.919        0.000      114.288
      702        0.365        3.459            0      233.323        0.000      115.563
      703        0.193        3.347            0      231.068        0.016      112.767
      704        0.150        3.361            0      233.251        0.000      111.839
      705        0.159        3.366            0      232.709        0.501      114.639
      706        0.418        3.483            0      233.977        1.707      114.434
      707        0.759        3.413            0      234.055        2.814      110.491
      708        0.792        3.321            0      230.261        0.728      114.500
      709        0.767        3.491            0      235.617        1.253      109.269
      710        0.772        3.430            0      232.403        2.100      112.431
      711        0.763        3.344            0      231.094        0.266      113.896
      712        0.832        3.485            0      233.296        1.281      109.166
      713        0.771        3.436            0      234.788        6.196      111.469
      714        0.784        3.497            0      236.962        1.911      109.067
      715        0.765        3.386            0      233.035        0.000      108.228
      716        0.875        3.511            0      236.471        0.966      111.018
      717        0.791        3.503            0      235.022        3.512      110.083
      718        0.857        3.520            0      235.222        1.516      108.787
      719        0.796        3.505            0      234.605        3.401      112.379
      720        0.817        3.545            0      235.929        5.262      109.028
      721        0.774        3.456            0      236.132        0.313      109.175
      722        0.799        3.452            0      234.440        0.068      107.516
      723        0.902        3.535            0      237.021        1.782      107.681
      724        0.766        3.377            0      232.262        1.225      111.436
      725        0.760        3.359            0      231.710        0.384      108.816
      726        0.777        3.319            0      230.573        0.173      114.376
      727        0.772        3.333            0      231.538        0.000      112.886
      728        0.775        3.447            0      235.311        0.922      111.981
      729        0.778        3.446            0      233.313        0.916      108.669
      730        0.780        3.463            0      233.718        0.401      104.987
      731        0.807        3.476            0      233.800        0.984      110.559
      732        0.773        3.468            0      235.200        0.712      113.874
      733        0.786        3.479            0      236.206        2.465      111.354
      734        0.760        3.376            0      231.974        1.308      112.033
      735        0.771        3.424            0      233.008        0.000      107.888
      736        0.758        3.396            0      232.968        2.496      114.058
      737        0.803        3.357            0      233.571        2.321      113.241
      738        0.774        3.377            0      234.293        0.031      111.189
      739        0.834        3.468            0      233.684        1.699      105.387
      740        0.838        3.506            0      234.111        0.993      106.179
      741        0.774        3.361            0      231.780        1.914      112.530
      742        0.773        3.431            0      233.237        2.720      113.528
      743        0.784        3.472            0      237.109        0.069      112.417
      744        0.780        3.389            0      232.088        0.000      111.706
      745        0.764        3.404            0      235.026        0.045      111.449
      746        0.754        3.447            0      233.171        0.790      108.427
      747        0.762        3.358            0      233.304        0.000      107.808
      748        0.767        3.402            0      232.841        0.054      112.986
      749        0.801        3.430            0      231.899        0.102      106.428
      750        0.787        3.461            0      233.425        1.974      109.654
      751        0.758        3.401            0      233.684        0.557      109.954
      752        0.740        3.441            0      232.868        0.372      112.665
      753        0.787        3.448            0      234.269        0.090      109.515
      754        0.771        3.470            0      234.352        0.000      109.419
      755        0.825        3.524            0      236.052        1.282      110.736
      756        0.781        3.465            0      234.567        2.770      107.719
      757        0.754        3.405            0      232.416        0.888      111.404
      758        0.764        3.418            0      233.566        0.397      113.400
      759        0.767        3.408            0      234.457        0.272      110.509
      760        0.823        3.495            0      235.713        0.271      111.061
      761        0.774        3.460            0      234.383        0.000      108.990
      762        0.780        3.350            0      233.990        0.007      109.015
      763        0.785        3.418            0      233.042        0.071      113.112
      764        0.783        3.455            0      234.706        2.244      108.355
      765        0.891        3.539            0      236.950        2.747      107.332
      766        0.751        3.440            0      234.050        0.437      113.217
      767        0.816        3.481            0      234.272        0.189      111.534
      768        0.753        3.416            0      235.082        1.265      109.770
      769        0.772        3.350            0      232.073        0.000      111.299
      770        0.752        3.370            0      231.498        0.361      109.016
      771        0.777        3.428            0      233.202        0.000      112.508
      772        0.772        3.407            0      232.886        0.565      112.052
      773        0.790        3.354            0      231.153        0.267      114.074
      774        0.851        3.537            0      235.326        0.250      111.867
      775        0.782        3.473            0      233.640        0.000      109.547
      776        0.762        3.376            0      229.981        0.891      112.158
      777        0.776        3.357            0      231.895        4.125      110.563
      778        0.808        3.472            0      233.864        0.028      107.551
      779        0.760        3.407            0      234.604        1.242      107.995
      780        0.770        3.343            0      229.946        0.000      113.042
      781        0.792        3.474            0      235.466        0.000      108.565
      782        0.822        3.514            0      236.108        0.577      106.365
      783        0.778        3.369            0      232.715        1.325      114.847
      784        0.771        3.439            0      235.125        0.823      108.654
      785        0.841        3.508            0      235.206        0.249      110.468
      786        0.778        3.394            0      233.350        0.000      110.909
      787        0.764        3.397            0      233.911        2.466      109.956
      788        0.818        3.478            0      234.533        2.768      109.268
      789        0.800        3.330            0      230.933        0.106      110.661
      790        0.775        3.499            0      235.697        0.677      111.570
      791        0.782        3.345            0      230.360        0.000      112.018
      792        0.867        3.494            0      233.447        2.241      107.613
      793        0.780        3.399            0      231.914        0.000      111.173
      794        0.783        3.447            0      234.291        0.000      111.129
      795        0.783        3.421            0      235.668        2.759      108.685
      796        0.822        3.503            0      234.604        2.093      107.540
      797        0.754        3.436            0      232.916        1.468      110.798
      798        0.798        3.446            0      233.395        0.070      109.983
      799        0.828        3.484            0      234.946        3.715      106.998
      800        0.770        3.343            0      230.173        0.253      108.720
      801        0.853        3.492            0      233.699        1.688      108.948
      802        0.821        3.502            0      234.814        0.000      109.250
      803        0.780        3.432            0      233.678        0.126      109.918
      804        0.772        3.467            0      235.735        0.278      107.714
      805        0.845        3.492            0      236.198        0.689      113.522
      806        0.772        3.393            0      232.691        0.000      112.445
      807        0.759        3.339            0      230.247        4.127      106.819
      808        0.774        3.399            0      232.991        2.487      109.436
      809        0.753        3.386            0      233.944        0.069      110.842
      810        0.779        3.441            0      235.116        0.000      110.130
      811        0.908        3.549            0      235.755        1.505      110.715
      812        0.828        3.496            0      235.726        0.359      108.670
      813        0.894        3.506            0      234.390        4.163      105.729
      814        0.802        3.475            0      234.217        1.637      109.339
      815        0.819        3.447            0      233.889        3.526      109.094
      816        0.778        3.465            0      235.963        2.785      106.562
      817        0.752        3.359            0      232.013        0.237      107.969
      818        0.768        3.387            0      233.482        0.366      108.465
      819        0.769        3.403            0      233.075        0.552      108.668
      820        0.771        3.343            0      232.502        7.085      112.190
      821        0.878        3.509            0      234.940        2.693      105.054
      822        0.760        3.370            0      232.022        0.316      109.168
      823        0.761        3.334            0      231.199        3.056      108.296
      824        0.877        3.515            0      234.244        1.169      108.101
      825        0.791        3.477            0      233.914        2.131      108.387
      826        0.768        3.372            0      232.502        2.896      111.257
      827        0.770        3.390            0      232.703        1.733      111.209
      828        0.832        3.522            0      235.398        0.543      109.576
      829        0.892        3.514            0      234.446        1.586      108.747
      830        0.760        3.463            0      234.457        0.505      109.367
      831        0.853        3.503            0      234.454        0.141      107.586
      832        0.770        3.374            0      229.435        0.144      113.206
      833        0.824        3.479            0      234.167        3.890      109.095
      834        0.824        3.482            0      233.941        0.950      108.768
      835        0.742        3.373            0      231.625        0.191      113.390
      836        0.771        3.432            0      232.447        0.161      109.253
      837        0.816        3.477            0      234.351        3.788      107.616
      838        0.832        3.500            0      235.253        2.892      106.811
      839        0.794        3.458            0      235.500        1.821      107.311
      840        0.763        3.360            0      231.406        2.692      111.807
      841        0.744        3.369            0      232.897        4.868      110.270
      842        0.839        3.520            0      234.823        0.267      110.375
      843        0.866        3.484            0      234.133        3.580      108.095
      844        0.841        3.481            0      233.070        0.857      108.573
      845        0.909        3.520            0      237.065        1.846      108.757
      846        0.795        3.462            0      234.012        1.032      113.003
      847        0.909        3.517            0      234.248        2.688      108.456
      848        0.822        3.500            0      235.078        4.094      106.235
      849        0.780        3.459            0      233.003        0.689      105.298
      850        0.767        3.429            0      234.889        1.020      110.842
      851        0.826        3.494            0      235.456        3.282      112.531
      852        0.836        3.550            0      237.315        5.361      109.885
      853        0.850        3.507            0      236.502        3.050      111.836
      854        0.783        3.432            0      234.654        0.086      112.042
      855        0.775        3.419            0      232.510        1.262      108.918
      856        0.775        3.364            0      231.766        0.000      111.608
      857        0.775        3.375            0      233.114        3.470      111.037
      858        0.790        3.452            0      233.343        0.967      111.982
      859        0.767        3.392            0      233.046        1.961      111.138
      860        0.736        3.408            0      233.210        1.277      111.293
      861        0.801        3.473            0      235.934        0.364      108.633
      862        0.948        3.555            0      236.774        6.384      111.431
      863        0.783        3.443            0      234.860        0.552      112.972
      864        0.873        3.541            0      236.235        3.431      108.231
      865        0.889        3.561            0      236.408        9.386      110.981
      866        0.769        3.388            0      232.294        0.593      111.903
      867        0.759        3.414            0      233.736        3.821      110.518
      868        0.982        3.523            0      235.571        4.526      109.923
      869        0.920        3.531            0      235.168        1.716      109.137
      870        0.908        3.518            0      235.928        2.171      106.551
      871        0.912        3.517            0      233.554        4.061      111.446
      872        0.771        3.457            0      233.398        0.040      110.144
      873        0.823        3.499            0      235.464        3.042      109.419
      874        0.877        3.531            0      236.949        3.488      110.336
      875        0.759        3.389            0      232.798        2.593      110.308
      876        0.947        3.534            0      237.068        1.912      107.208
      877        0.960        3.540            0      236.300        4.193      108.725
      878        0.887        3.569            0      236.994        1.528      109.391
      879        0.914        3.537            0      235.790        4.029      110.192
      880        0.881        3.517            0      235.085        0.294      109.467
      881        0.962        3.569            0      236.984        1.274      111.128
      882        0.797        3.476            0      235.381        1.354      108.559
      883        0.890        3.509            0      235.390        0.269      106.473
      884        0.855        3.479            0      234.918        3.706      107.306
      885        0.792        3.522            0      237.524        7.973      105.774
      886        0.838        3.529            0      236.320        3.276      109.147
      887        0.756        3.447            0      234.986        0.289      111.872
      888        0.762        3.356            0      230.933        0.078      110.740
      889        0.852        3.521            0      235.848        4.654      108.331
      890        0.780        3.373            0      232.527        1.977      111.164
      891        0.815        3.458            0      235.018        0.736      109.659
      892        0.800        3.431            0      233.994        0.151      116.804
      893        0.892        3.531            0      235.334        4.354      108.409
      894        0.844        3.533            0      236.250        6.298      111.202
      895        0.782        3.462            0      235.150        3.988      110.413
      896        0.757        3.418            0      233.453        0.731      110.595
      897        0.751        3.400            0      233.143        0.011      108.668
      898        0.804        3.478            0      233.431        1.697      109.028
      899        0.866        3.534            0      238.092        1.587      107.767
      900        0.817        3.497            0      234.652        0.000      109.530
      901        0.853        3.471            0      232.508        0.350      108.395
      902        0.788        3.453            0      232.356        2.547      112.492
      903        0.809        3.490            0      235.152        0.200      111.541
      904        0.357        3.474            0      233.540        1.555      117.166
      905        0.226        3.400            0      231.405        4.628      114.168
      906        0.175        3.354            0      231.385        2.229      113.431
      907        0.204        3.481            0      235.093        4.396      116.248
      908        0.301        3.316            0      230.544        3.056      118.654
      909        0.249        3.289            0      230.061        1.339      114.788
      910        0.144        3.354            0      231.764        2.998      115.779
      911        0.207        3.345            0      231.074        0.947      113.223
      912        0.222        3.316            0      230.109        2.758      113.541
      913        0.192        3.402            0      232.533        2.052      112.395
      914        0.504        3.346            0      231.563        0.392      120.481
      915        0.345        3.293            0      230.118        2.692      116.638
      916        0.226        3.346            0      229.896        2.583      118.183
      917        0.254        3.317            0      229.682        0.844      119.152
      918        0.149        3.382            0      231.932        1.487      116.106
      919        0.121        3.379            0      230.457        0.248      112.919
      920        0.198        3.331            0      230.248        0.769      116.705
      921        0.143        3.385            0      234.286        1.823      115.699
      922        0.183        3.414            0      231.706        1.927      112.111
      923        0.223        3.302            0      229.926        0.296      112.027
      924        0.223        3.366            0      231.571        1.790      116.253
      925        0.249        3.401            0      233.676        0.004      117.450
      926        0.262        3.309            0      229.012        0.000      112.917
      927        0.120        3.433            0      233.794        0.251      113.101
      928        0.156        3.405            0      232.612        1.262      113.748
      929        0.125        3.371            0      231.737        2.044      111.818
      930        0.179        3.435            0      234.214        0.000      114.772
      931        0.425        3.531            0      236.361        2.268      116.025
      932        0.131        3.390            0      233.123        0.103      114.363
      933        0.184        3.368            0      231.715        0.000      117.460
      934        0.473        3.503            0      234.398        0.631      116.194
      935        0.181        3.447            0      235.200        1.491      111.866
      936        0.153        3.435            0      234.787        3.521      110.057
      937        0.439        3.500            0      235.700        1.743      114.962
      938        0.174        3.385            0      232.610        0.003      114.808
      939        0.144        3.423            0      234.941        0.232      117.283
      940        0.153        3.359            0      231.638        0.494      111.162
      941        0.190        3.438            0      234.074        0.423      113.297
      942        0.167        3.390            0      232.893        0.335      117.926
      943        0.158        3.386            0      232.883        0.392      114.006
      944        0.195        3.347            0      231.370        0.092      112.954
      945        0.104        3.377            0      232.135        0.844      112.131
      946        0.177        3.397            0      231.258        1.568      119.405
      947        0.179        3.321            0      230.328        0.000      115.320
      948        0.154        3.431            0      232.683        4.935      112.011
      949        0.203        3.366            0      230.100        2.899      118.618
      950        0.424        3.530            0      236.157        0.570      112.087
      951        0.193        3.362            0      232.034        0.000      114.819
      952        0.186        3.356            0      230.421        1.912      116.878
      953        0.307        3.414            0      232.226        0.080      117.399
      954        0.204        3.394            0      234.180        1.623      111.481
      955        0.162        3.364            0      231.002        0.005      117.922
      956        0.135        3.397            0      231.832        2.078      112.103
      957        0.294        3.409            0      231.636        1.113      118.666
      958        0.165        3.349            0      230.973        1.677      114.987
      959        0.147        3.374            0      232.617        1.396      114.688
      960        0.164        3.356            0      232.666        0.983      113.618
      961        0.168        3.359            0      231.810        0.929      112.136
      962        0.224        3.434            0      232.487        2.626      109.175
      963        0.114        3.384            0      232.543        0.607      113.701
      964        0.145        3.355            0      232.491        1.476      108.264
      965        0.168        3.376            0      234.783        0.124      116.143
      966        0.116        3.403            0      233.377        2.494      112.035
      967        0.145        3.391            0      232.334        2.079      110.609
      968        0.118        3.386            0      231.946        1.058      113.839
      969        0.219        3.348            0      230.205        0.458      118.239
      970        0.219        3.351            0      231.920        0.000      117.208
      971        0.138        3.375            0      232.484        0.143      112.967
      972        0.139        3.402            0      233.264        0.593      115.258
      973        0.168        3.320            0      230.022        0.145      113.173
      974        0.315        3.295            0      230.746        0.000      116.925
      975        0.281        3.344            0      230.336        0.075      116.981
      976        0.236        3.357            0      230.612        0.160      113.517
      977        0.192        3.369            0      232.633        0.609      116.658
      978        0.163        3.409            0      234.347        0.235      113.687
      979        0.242        3.322            0      231.120        0.093      112.832
      980        0.123        3.417            0      233.891        0.000      115.681
      981        0.213        3.358            0      231.111        0.088      114.964
      982        0.196        3.363            0      231.003        0.112      116.725
      983        0.300        3.290            0      230.083        0.001      110.970
      984        0.201        3.312            0      230.671        0.182      113.225
      985        0.217        3.334            0      230.201        0.369      114.004
      986        0.316        3.299            0      230.474        0.210      115.700
      987        0.203        3.350            0      230.249        0.807      114.652
      988        0.190        3.350            0      232.000        0.000      116.186
      989        0.275        3.325            0      231.712        0.000      114.417
      990        0.196        3.464            0      234.635        2.445      111.535
      991        0.133        3.370            0      231.814        0.205      112.850
      992        0.171        3.388            0      234.502        0.000      115.420
      993        0.244        3.400            0      232.649        2.271      115.204
      994        0.166        3.347            0      232.386        0.420      117.091
      995        0.195        3.369            0      232.195        0.516      114.694
      996        0.217        3.369            0      231.718        1.762      114.108
      997        0.166        3.341            0      230.477        0.178      114.780
      998        0.126        3.373            0      229.314        1.439      115.593
      999        0.120        3.402            0      233.112        0.012      115.480
     1000        0.154        3.348            0      232.625        1.719      112.063
