  Frame         RMSD         rGyr      intraHB        MolSA         SASA          PSA
        0        0.000        2.466            0      155.250        1.757      118.348
        1        0.282        2.485            0      156.434        8.961      121.042
        2        0.102        2.477            0      156.104        4.237      119.531
        3        0.212        2.507            0      156.917        9.332      121.218
        4        0.223        2.512            0      156.396        9.232      120.595
        5        0.123        2.505            0      157.218        4.343      119.821
        6        0.071        2.499            0      156.966        3.061      119.035
        7        0.262        2.479            0      155.861        2.942      119.226
        8        0.136        2.494            0      156.426        2.264      118.470
        9        0.107        2.487            0      157.244        0.410      119.205
       10        0.146        2.514            0      157.250        1.470      119.733
       11        0.146        2.509            0      156.811        0.290      121.828
       12        0.240        2.472            0      155.679        0.618      117.826
       13        0.215        2.474            0      155.449        0.000      118.526
       14        0.126        2.487            0      156.743        0.535      119.155
       15        0.187        2.499            0      156.850        4.320      119.997
       16        0.253        2.503            0      156.947        2.602      120.518
       17        0.069        2.487            0      156.810        2.094      118.781
       18        0.112        2.504            0      156.753        0.766      119.546
       19        0.169        2.487            0      156.424        3.540      119.407
       20        0.145        2.485            0      156.347        5.120      118.400
       21        0.152        2.489            0      157.132        1.240      118.094
       22        0.078        2.479            0      156.267        4.779      118.550
       23        0.172        2.488            0      156.260        1.629      117.827
       24        0.104        2.497            0      156.361        0.651      120.296
       25        0.153        2.506            0      157.570        1.233      118.464
       26        0.131        2.504            0      156.964        0.442      119.914
       27        0.252        2.481            0      156.018        2.026      120.313
       28        0.176        2.450            0      154.958        0.355      116.898
       29        0.179        2.466            0      156.285        4.620      118.905
       30        0.106        2.488            0      156.753        4.184      118.078
       31        0.210        2.506            0      156.975        2.681      119.447
       32        0.192        2.485            0      156.374        2.996      118.875
       33        0.117        2.485            0      156.303        0.980      119.015
       34        0.192        2.481            0      156.753        3.462      119.728
       35        0.092        2.474            0      155.762        1.289      119.208
       36        0.114        2.501            0      156.594        0.359      120.771
       37        0.088        2.504            0      157.410        0.161      117.739
       38        0.141        2.512            0      156.983        0.507      119.025
       39        0.169        2.480            0      156.128        2.852      117.918
       40        0.097        2.508            0      157.170        0.345      120.457
       41        0.092        2.475            0      155.713        3.072      118.872
       42        0.126        2.506            0      157.075        2.250      119.886
       43        0.164        2.462            0      155.454        0.235      117.062
       44        0.191        2.506            0      157.115        2.205      119.542
       45        0.174        2.503            0      157.005        5.683      119.524
       46        0.141        2.459            0      153.915        2.269      118.322
       47        0.090        2.515            0      157.790        1.900      120.961
       48        0.116        2.502            0      157.073        2.253      118.919
       49        0.135        2.505            0      157.090        2.393      120.665
       50        0.163        2.490            0      156.745        5.836      119.004
       51        0.101        2.483            0      155.985        0.662      117.196
       52        0.136        2.491            0      156.880        1.539      119.243
       53        0.111        2.477            0      156.274        0.426      117.589
       54        0.076        2.508            0      157.432        0.721      120.207
       55        0.120        2.494            0      157.072        1.108      119.880
       56        0.192        2.497            0      156.962        1.623      119.201
       57        0.193        2.524            0      157.920        0.938      120.279
       58        0.144        2.479            0      155.831        4.468      117.847
       59        0.219        2.469            0      156.099        3.212      119.392
       60        0.220        2.472            0      155.925        0.854      118.728
       61        0.160        2.497            0      156.630        6.784      119.571
       62        0.203        2.498            0      156.110        0.728      120.585
       63        0.185        2.508            0      157.701        2.823      119.824
       64        0.118        2.503            0      157.310        0.639      119.895
       65        0.168        2.499            0      155.789        1.154      119.903
       66        0.175        2.504            0      157.041       10.985      120.519
       67        0.160        2.498            0      157.434        3.277      117.205
       68        0.141        2.523            0      157.282        1.154      120.720
       69        0.233        2.512            0      156.671        4.578      119.030
       70        0.159        2.494            0      156.491        1.710      119.282
       71        0.155        2.512            0      157.464        1.845      121.212
       72        0.121        2.503            0      157.412        3.405      120.176
       73        0.221        2.501            0      157.012        1.521      119.496
       74        0.246        2.474            0      155.346        0.899      118.860
       75        0.137        2.468            0      154.933        1.765      118.449
       76        0.249        2.502            0      157.602        0.910      121.237
       77        0.129        2.488            0      155.495        1.908      117.913
       78        0.195        2.519            0      158.084        0.129      119.004
       79        0.099        2.507            0      156.819        4.465      119.990
       80        0.180        2.490            0      156.339        0.000      119.287
       81        0.212        2.483            0      155.828        0.554      119.772
       82        0.152        2.504            0      157.336        2.951      119.055
       83        0.233        2.489            0      157.001        0.783      118.560
       84        0.237        2.493            0      156.490        0.131      118.818
       85        0.142        2.509            0      157.232        1.198      119.815
       86        0.187        2.499            0      156.576        3.632      119.088
       87        0.163        2.512            0      157.196        2.376      121.399
       88        0.262        2.474            0      155.899        0.610      117.712
       89        0.217        2.495            0      155.821        0.550      119.899
       90        0.130        2.477            0      155.996        3.209      118.151
       91        0.217        2.489            0      156.251        2.663      119.576
       92        0.182        2.479            0      156.520        0.194      117.273
       93        0.205        2.476            0      155.587        0.017      119.016
       94        0.169        2.486            0      156.818        1.350      118.795
       95        0.121        2.511            0      157.145        2.033      121.619
       96        0.214        2.484            0      156.250        1.587      119.180
       97        0.238        2.470            0      155.405        2.343      120.548
       98        0.196        2.484            0      156.205        1.319      118.350
       99        0.169        2.498            0      156.455        2.361      118.616
      100        0.141        2.490            0      155.731        0.623      119.222
      101        0.160        2.492            0      156.281        2.498      118.946
      102        0.223        2.460            0      154.810        1.921      117.810
      103        0.162        2.495            0      157.185        3.400      117.020
      104        0.127        2.528            0      158.093        2.466      120.256
      105        0.183        2.498            0      156.705        1.709      119.027
      106        0.290        2.496            0      157.553        0.391      119.753
      107        0.217        2.491            0      156.039        1.034      119.923
      108        0.274        2.494            0      157.167        1.104      119.689
      109        0.124        2.501            0      156.569        2.631      121.332
      110        0.261        2.486            0      156.758        4.955      120.136
      111        0.186        2.505            0      157.022        3.810      119.797
      112        0.145        2.502            0      156.777        1.168      120.011
      113        0.197        2.482            0      155.786        0.616      119.193
      114        0.219        2.496            0      156.558        0.964      119.926
      115        0.178        2.493            0      156.936        1.487      119.408
      116        0.191        2.491            0      155.967        5.305      118.059
      117        0.154        2.499            0      155.919        1.562      122.039
      118        0.107        2.494            0      156.581        1.724      119.311
      119        0.240        2.493            0      156.138        1.504      119.161
      120        0.254        2.494            0      157.112        1.914      119.601
      121        0.221        2.481            0      155.511        4.784      117.685
      122        0.268        2.473            0      156.196        2.141      118.922
      123        0.202        2.472            0      155.838        0.420      118.300
      124        0.212        2.488            0      156.209        4.808      120.576
      125        0.132        2.489            0      155.840        1.785      119.697
      126        0.192        2.489            0      156.486        1.090      120.332
      127        0.160        2.473            0      156.202        1.623      117.531
      128        0.126        2.496            0      156.783        0.488      119.194
      129        0.158        2.467            0      155.397        1.043      118.759
      130        0.126        2.498            0      156.983        1.685      119.585
      131        0.276        2.490            0      157.249        1.219      118.810
      132        0.224        2.506            0      156.885        3.936      120.132
      133        0.268        2.469            0      156.195        2.193      117.569
      134        0.250        2.456            0      155.262        0.037      120.684
      135        0.132        2.506            0      157.543        1.650      119.010
      136        0.253        2.483            0      156.590        0.175      119.560
      137        0.117        2.491            0      156.474        1.628      117.148
      138        0.133        2.523            0      158.142        1.778      120.366
      139        0.153        2.480            0      155.619        5.820      119.792
      140        0.189        2.489            0      156.745        1.220      116.195
      141        0.198        2.469            0      155.208        1.029      117.943
      142        0.183        2.501            0      156.724        0.018      120.605
      143        0.095        2.487            0      156.209        2.059      119.396
      144        0.153        2.507            0      156.587        1.532      120.472
      145        0.168        2.496            0      156.897        1.850      120.893
      146        0.130        2.493            0      156.331        7.835      117.889
      147        0.131        2.496            0      157.005        5.029      118.054
      148        0.140        2.484            0      156.454        5.249      116.671
      149        0.183        2.479            0      156.037        0.122      117.365
      150        0.213        2.481            0      155.072        0.185      120.703
      151        0.335        2.457            0      155.866        3.619      118.835
      152        0.195        2.472            0      156.028        6.275      119.629
      153        0.274        2.488            0      156.103        3.323      118.689
      154        0.157        2.501            0      156.683        0.433      120.373
      155        0.203        2.497            0      157.479        1.644      116.565
      156        0.134        2.484            0      156.166        1.567      120.204
      157        0.120        2.470            0      155.188        5.236      118.692
      158        0.240        2.486            0      156.609        0.823      118.886
      159        0.249        2.478            0      155.830        0.700      119.787
      160        0.117        2.512            0      156.988        2.386      120.080
      161        0.104        2.480            0      155.128        2.662      120.968
      162        0.174        2.485            0      156.405        0.250      116.749
      163        0.122        2.485            0      155.988        1.162      118.212
      164        0.255        2.479            0      155.667        0.331      120.154
      165        0.260        2.506            0      157.676        1.951      119.799
      166        0.253        2.497            0      155.994        4.156      121.229
      167        0.213        2.472            0      155.566        0.711      120.136
      168        0.090        2.494            0      156.746        0.483      119.460
      169        0.139        2.495            0      157.234        3.797      120.821
      170        0.210        2.509            0      157.430        1.473      118.545
      171        0.138        2.487            0      155.021        1.096      120.531
      172        0.102        2.472            0      155.907        0.884      117.133
      173        0.150        2.478            0      155.979        1.348      117.297
      174        0.250        2.488            0      156.653        0.265      117.386
      175        0.213        2.496            0      156.922        0.759      119.717
      176        0.105        2.480            0      157.070        0.979      118.231
      177        0.180        2.502            0      156.961        1.393      119.920
      178        0.102        2.481            0      155.655        4.549      118.437
      179        0.149        2.478            0      155.804        4.089      118.065
      180        0.123        2.474            0      155.696        0.000      117.773
      181        0.197        2.516            0      157.130        0.919      121.731
      182        0.168        2.487            0      156.332        1.987      118.870
      183        0.155        2.505            0      156.724        0.773      119.414
      184        0.148        2.508            0      157.111        5.452      121.697
      185        0.159        2.458            0      154.978        1.034      117.042
      186        0.124        2.482            0      156.774        1.464      119.725
      187        0.165        2.479            0      155.408        1.631      119.513
      188        0.128        2.502            0      156.652        1.941      119.274
      189        0.104        2.503            0      156.841        6.311      120.445
      190        0.205        2.481            0      155.603        1.801      117.683
      191        0.116        2.486            0      155.907       10.293      117.553
      192        0.210        2.496            0      157.055        2.314      118.454
      193        0.156        2.520            0      157.128        6.003      122.333
      194        0.267        2.510            0      157.694        6.576      120.306
      195        0.175        2.517            0      158.139        5.736      119.804
      196        0.171        2.510            0      157.471        6.732      119.530
      197        0.098        2.494            0      156.623        1.135      120.082
      198        0.076        2.491            0      156.809        2.516      120.204
      199        0.214        2.471            0      156.035        0.510      118.943
      200        0.084        2.469            0      155.539        6.817      116.814
      201        0.145        2.481            0      156.057        0.675      118.859
      202        0.103        2.495            0      156.262        1.535      119.681
      203        0.181        2.478            0      155.749        0.494      118.806
      204        0.148        2.482            0      155.834        1.370      119.758
      205        0.197        2.488            0      156.350        3.029      118.948
      206        0.263        2.503            0      157.541        0.256      120.631
      207        0.166        2.470            0      155.459        0.257      118.354
      208        0.167        2.515            0      157.437        1.712      120.800
      209        0.246        2.501            0      156.500        6.520      120.866
      210        0.204        2.476            0      155.859        0.296      119.192
      211        0.287        2.525            0      158.438        0.567      122.808
      212        0.131        2.481            0      155.514        1.628      120.447
      213        0.194        2.505            0      156.967        7.073      120.671
      214        0.278        2.480            0      156.192        1.641      120.532
      215        0.151        2.485            0      155.867        1.945      119.811
      216        0.172        2.489            0      156.886        0.582      118.496
      217        0.063        2.456            0      155.006        3.656      116.017
      218        0.153        2.466            0      155.462        3.923      116.840
      219        0.174        2.485            0      155.741        2.394      118.296
      220        0.167        2.504            0      157.415        1.334      119.416
      221        0.175        2.493            0      156.638        1.938      119.544
      222        0.147        2.513            0      156.733        0.654      120.119
      223        0.125        2.485            0      156.236        1.425      119.542
      224        0.211        2.482            0      156.647        0.178      119.482
      225        0.190        2.479            0      156.463        0.837      117.305
      226        0.215        2.467            0      155.936        0.766      116.925
      227        0.094        2.492            0      156.261        3.817      118.837
      228        0.151        2.467            0      155.952        2.517      118.176
      229        0.288        2.524            0      158.283        0.845      121.685
      230        0.123        2.497            0      156.686        1.603      119.594
      231        0.193        2.507            0      157.625        0.163      119.609
      232        0.151        2.489            0      156.919        0.760      118.005
      233        0.165        2.477            0      155.187        0.450      118.415
      234        0.135        2.484            0      155.790        4.737      119.518
      235        0.144        2.491            0      156.109        0.000      120.672
      236        0.118        2.481            0      155.477        0.259      120.664
      237        0.262        2.488            0      157.237        1.984      121.078
      238        0.225        2.506            0      157.275        0.437      119.737
      239        0.276        2.480            0      156.038        0.569      118.438
      240        0.294        2.496            0      157.304        0.000      120.323
      241        0.137        2.492            0      156.014        0.122      117.624
      242        0.129        2.502            0      156.628        0.103      119.527
      243        0.277        2.464            0      156.181        0.470      121.011
      244        0.212        2.471            0      155.532        0.000      117.509
      245        0.161        2.491            0      156.269        2.363      118.957
      246        0.297        2.464            0      156.018        0.000      119.094
      247        0.138        2.485            0      156.380        1.256      118.595
      248        0.183        2.500            0      156.780        0.256      118.201
      249        0.112        2.481            0      155.780        0.666      118.963
      250        0.233        2.485            0      156.111        0.074      119.743
      251        0.195        2.497            0      155.913        0.048      117.462
      252        0.160        2.526            0      159.180        0.000      120.761
      253        0.258        2.484            0      156.527        0.166      119.642
      254        0.254        2.489            0      156.150        0.000      121.119
      255        0.264        2.461            0      156.073        0.022      117.976
      256        0.184        2.493            0      156.936        1.705      118.294
      257        0.135        2.498            0      155.937        1.793      120.774
      258        0.111        2.520            0      157.695        0.065      121.316
      259        0.219        2.486            0      156.154        0.435      118.956
      260        0.180        2.490            0      156.482        0.403      118.413
      261        0.165        2.492            0      156.283        1.598      120.519
      262        0.204        2.499            0      157.120        0.044      118.619
      263        0.197        2.483            0      156.198        0.372      118.223
      264        0.154        2.488            0      155.996        0.000      119.562
      265        0.366        2.472            0      156.414        0.547      119.147
      266        0.206        2.456            0      155.273        0.028      116.196
      267        0.276        2.500            0      157.578        1.800      120.358
      268        0.295        2.469            0      156.672        0.000      118.628
      269        0.130        2.474            0      155.962        0.731      118.557
      270        0.260        2.485            0      156.366        0.083      120.408
      271        0.106        2.500            0      156.673        0.589      119.822
      272        0.182        2.501            0      157.162        3.841      118.521
      273        0.134        2.454            0      154.915        0.339      116.172
      274        0.143        2.488            0      156.561        0.109      119.195
      275        0.236        2.476            0      155.895        2.171      120.940
      276        0.247        2.457            0      155.412        0.411      119.257
      277        0.142        2.515            0      157.927        0.000      120.845
      278        0.211        2.446            0      154.175        0.341      117.665
      279        0.109        2.483            0      156.652        0.682      119.015
      280        0.194        2.514            0      156.554        0.303      118.072
      281        0.304        2.488            0      156.942        0.000      117.692
      282        0.121        2.479            0      156.053        1.137      118.647
      283        0.089        2.471            0      155.843        2.894      119.843
      284        0.091        2.475            0      155.618        6.000      117.349
      285        0.262        2.513            0      157.874        1.311      121.176
      286        0.210        2.518            0      156.872        2.028      122.610
      287        0.149        2.524            0      158.398        0.049      119.926
      288        0.126        2.496            0      156.136        0.482      119.602
      289        0.108        2.493            0      156.951        0.453      120.204
      290        0.235        2.483            0      156.838        0.211      119.579
      291        0.214        2.478            0      156.366        0.845      119.195
      292        0.119        2.472            0      154.965        0.000      117.562
      293        0.190        2.488            0      156.752        1.044      119.231
      294        0.138        2.495            0      155.848        0.278      120.310
      295        0.183        2.513            0      157.543        0.118      120.120
      296        0.205        2.509            0      156.540        0.127      118.578
      297        0.182        2.469            0      155.672        0.311      119.966
      298        0.239        2.474            0      156.285        0.000      117.741
      299        0.145        2.523            0      157.653        0.000      121.987
      300        0.183        2.515            0      156.937        0.341      120.921
      301        0.130        2.484            0      155.394        0.112      116.835
      302        0.129        2.488            0      156.179        0.000      119.232
      303        0.184        2.495            0      156.630        0.510      119.745
      304        0.243        2.482            0      156.123        0.507      119.067
      305        0.127        2.511            0      157.991        1.257      120.615
      306        0.143        2.480            0      155.641        0.351      119.565
      307        0.139        2.502            0      157.158        4.216      120.177
      308        0.106        2.491            0      156.276        0.351      120.033
      309        0.149        2.500            0      156.793        0.374      118.741
      310        0.142        2.494            0      156.349        0.000      119.616
      311        0.182        2.502            0      156.989        0.381      119.089
      312        0.170        2.505            0      156.121        0.034      120.729
      313        0.187        2.492            0      156.994        0.235      119.790
      314        0.132        2.476            0      155.472        0.420      119.746
      315        0.147        2.487            0      155.733        1.153      119.646
      316        0.214        2.480            0      156.016        0.000      118.767
      317        0.218        2.471            0      154.930        0.554      117.606
      318        0.177        2.511            0      157.219        0.037      119.979
      319        0.274        2.470            0      156.522        0.471      118.143
      320        0.220        2.507            0      157.013        0.080      121.686
      321        0.207        2.474            0      155.931        0.013      117.580
      322        0.077        2.483            0      156.358        0.201      118.155
      323        0.227        2.508            0      157.829        0.282      120.339
      324        0.169        2.497            0      155.938        0.217      120.203
      325        0.169        2.470            0      155.004        0.000      119.561
      326        0.124        2.493            0      157.202        1.419      118.878
      327        0.187        2.474            0      155.733        0.675      118.018
      328        0.158        2.475            0      156.271        0.095      117.102
      329        0.082        2.496            0      156.994        1.628      118.981
      330        0.122        2.506            0      157.069        0.000      118.509
      331        0.206        2.478            0      156.132        0.000      118.199
      332        0.221        2.479            0      156.276        0.174      118.063
      333        0.094        2.493            0      156.159        0.858      119.412
      334        0.138        2.494            0      157.426        0.131      120.065
      335        0.266        2.492            0      156.770        0.516      120.887
      336        0.254        2.466            0      156.133        0.000      117.986
      337        0.171        2.513            0      157.105        0.450      122.147
      338        0.229        2.476            0      156.276        0.000      118.653
      339        0.228        2.471            0      155.506        0.606      118.378
      340        0.116        2.508            0      157.684        1.073      119.591
      341        0.111        2.472            0      156.076        0.209      119.281
      342        0.136        2.507            0      156.951        0.155      120.967
      343        0.328        2.464            0      156.329        0.944      120.371
      344        0.158        2.484            0      156.435        5.705      119.328
      345        0.185        2.471            0      155.811        0.442      118.217
      346        0.189        2.492            0      156.312        0.297      121.982
      347        0.222        2.496            0      156.533        0.330      119.742
      348        0.128        2.495            0      156.808        0.319      118.496
      349        0.182        2.510            0      157.206        0.910      117.775
      350        0.186        2.479            0      156.043        1.054      116.973
      351        0.228        2.483            0      156.722        1.075      119.961
      352        0.130        2.504            0      156.820        0.087      118.689
      353        0.264        2.496            0      156.649        0.255      118.226
      354        0.208        2.489            0      157.432        0.000      117.644
      355        0.218        2.472            0      155.779        2.818      121.257
      356        0.263        2.496            0      157.445        0.018      120.399
      357        0.131        2.487            0      156.563        0.382      117.559
      358        0.162        2.516            0      157.227        0.074      120.951
      359        0.135        2.479            0      155.934        0.000      118.404
      360        0.139        2.468            0      155.752        0.310      118.884
      361        0.245        2.488            0      156.851        1.040      116.415
      362        0.227        2.508            0      157.710        0.053      119.446
      363        0.157        2.494            0      156.114        0.476      118.168
      364        0.221        2.490            0      156.437        1.259      118.734
      365        0.249        2.474            0      155.830        0.008      119.427
      366        0.279        2.486            0      156.472        0.000      120.513
      367        0.149        2.477            0      156.111        0.000      117.771
      368        0.110        2.493            0      156.099        0.471      116.461
      369        0.136        2.489            0      155.936        0.204      118.777
      370        0.290        2.471            0      156.130        0.057      118.737
      371        0.173        2.482            0      156.258        0.388      117.700
      372        0.256        2.471            0      154.773        0.000      121.562
      373        0.304        2.476            0      156.806        0.492      119.571
      374        0.274        2.476            0      156.218        0.192      118.157
      375        0.241        2.493            0      156.129        0.000      119.760
      376        0.255        2.482            0      156.814        0.000      117.918
      377        0.179        2.485            0      156.615        0.185      118.385
      378        0.183        2.497            0      156.446        0.362      120.008
      379        0.217        2.511            0      157.140        0.000      121.780
      380        0.214        2.477            0      155.634        0.688      120.242
      381        0.197        2.445            0      154.436        0.000      117.724
      382        0.142        2.487            0      156.186        0.000      119.500
      383        0.174        2.471            0      155.477        0.248      118.776
      384        0.134        2.487            0      156.357        0.000      116.853
      385        0.128        2.509            0      156.895        0.025      119.034
      386        0.143        2.507            0      158.095        2.990      116.824
      387        0.234        2.490            0      156.895        1.043      118.977
      388        0.252        2.480            0      156.093        0.027      119.526
      389        0.161        2.500            0      156.643        0.000      119.129
      390        0.278        2.472            0      156.027        1.861      120.624
      391        0.205        2.466            0      155.930        0.012      118.652
      392        0.201        2.493            0      156.683        2.417      119.211
      393        0.136        2.477            0      156.501        1.440      118.808
      394        0.198        2.479            0      156.580        1.016      118.239
      395        0.171        2.495            0      156.626        0.726      119.301
      396        0.210        2.464            0      155.427        0.040      118.545
      397        0.207        2.504            0      156.843        0.228      118.281
      398        0.231        2.464            0      155.912        0.000      118.901
      399        0.204        2.479            0      156.345        0.000      120.290
      400        0.170        2.487            0      155.946        0.172      118.452
      401        0.232        2.484            0      156.342        0.013      120.322
      402        0.174        2.491            0      156.822        0.000      118.432
      403        0.158        2.495            0      156.583        0.260      118.599
      404        0.115        2.494            0      156.856        0.107      121.111
      405        0.311        2.456            0      155.758        0.000      120.353
      406        0.186        2.492            0      156.203        0.000      119.992
      407        0.112        2.483            0      155.958        0.235      118.769
      408        0.186        2.458            0      154.996        1.352      116.395
      409        0.220        2.493            0      156.970        0.357      118.712
      410        0.219        2.491            0      156.508        0.000      119.183
      411        0.236        2.461            0      155.985        0.036      119.099
      412        0.154        2.497            0      156.634        0.022      120.893
      413        0.131        2.468            0      155.393        0.005      117.500
      414        0.222        2.459            0      155.614        0.000      119.356
      415        0.155        2.503            0      157.672        0.176      120.112
      416        0.179        2.451            0      155.025        0.000      117.459
      417        0.144        2.482            0      155.763        0.000      118.703
      418        0.145        2.498            0      156.764        0.276      120.148
      419        0.128        2.491            0      156.044        0.000      118.929
      420        0.141        2.509            0      156.804        0.127      121.455
      421        0.134        2.511            0      157.383        0.058      118.864
      422        0.223        2.488            0      156.640        0.000      119.528
      423        0.218        2.467            0      155.328        0.112      118.356
      424        0.192        2.478            0      156.583        0.000      118.340
      425        0.183        2.474            0      155.931        0.147      118.295
      426        0.254        2.480            0      156.016        0.043      118.065
      427        0.215        2.505            0      157.308        0.056      120.178
      428        0.124        2.476            0      156.885        0.155      117.622
      429        0.277        2.471            0      155.867        0.371      119.959
      430        0.156        2.476            0      155.910        0.066      119.406
      431        0.179        2.508            0      156.893        2.791      120.141
      432        0.145        2.488            0      156.113        0.307      120.198
      433        0.169        2.481            0      156.047        0.000      120.471
      434        0.168        2.485            0      156.055        0.262      117.689
      435        0.206        2.496            0      155.848        0.000      121.155
      436        0.255        2.458            0      155.621        0.398      119.036
      437        0.129        2.495            0      156.745        0.334      118.944
      438        0.244        2.487            0      157.352        0.000      119.004
      439        0.276        2.508            0      157.744        0.683      118.912
      440        0.118        2.496            0      157.501        0.068      117.996
      441        0.294        2.504            0      156.870        0.595      121.131
      442        0.250        2.467            0      155.936        0.000      118.183
      443        0.257        2.476            0      156.248        0.049      118.448
      444        0.087        2.477            0      156.639        0.000      117.738
      445        0.177        2.472            0      155.365        0.294      117.758
      446        0.242        2.490            0      156.304        0.000      119.224
      447        0.196        2.513            0      157.055        0.000      119.784
      448        0.155        2.510            0      156.941        0.077      119.064
      449        0.235        2.503            0      157.062        0.311      122.175
      450        0.206        2.475            0      156.074        0.544      118.915
      451        0.268        2.491            0      156.585        0.745      117.609
      452        0.114        2.499            0      157.003        0.000      118.378
      453        0.189        2.508            0      157.271        0.000      120.514
      454        0.190        2.501            0      157.106        0.414      118.530
      455        0.244        2.506            0      157.198        0.000      118.349
      456        0.118        2.484            0      155.263        0.000      119.981
      457        0.212        2.507            0      157.491        0.000      119.183
      458        0.226        2.471            0      155.361        0.000      117.741
      459        0.201        2.497            0      156.604        0.162      118.541
      460        0.188        2.470            0      155.445        0.165      120.353
      461        0.238        2.511            0      157.463        0.104      121.105
      462        0.072        2.493            0      155.911        0.000      121.876
      463        0.231        2.472            0      156.007        0.710      118.327
      464        0.128        2.498            0      157.231        0.000      117.794
      465        0.140        2.474            0      156.165        0.000      118.999
      466        0.110        2.483            0      156.249        0.042      119.026
      467        0.277        2.469            0      155.810        0.315      120.255
      468        0.269        2.456            0      155.654        0.042      117.354
      469        0.096        2.495            0      157.011        0.000      119.147
      470        0.260        2.472            0      156.297        0.000      117.227
      471        0.248        2.498            0      157.088        0.000      119.683
      472        0.094        2.498            0      157.040        0.152      119.142
      473        0.215        2.510            0      156.685        0.028      119.757
      474        0.121        2.488            0      156.511        0.118      118.355
      475        0.217        2.472            0      155.232        0.326      120.282
      476        0.122        2.492            0      156.382        0.000      120.403
      477        0.145        2.464            0      155.380        0.224      118.355
      478        0.275        2.501            0      157.174        0.126      121.667
      479        0.161        2.480            0      156.108        0.466      118.712
      480        0.229        2.495            0      156.177        0.000      119.888
      481        0.125        2.477            0      155.497        0.000      120.214
      482        0.177        2.473            0      155.493        0.062      118.279
      483        0.196        2.499            0      157.150        0.000      117.400
      484        0.245        2.483            0      156.265        0.000      118.943
      485        0.204        2.492            0      155.981        0.095      119.901
      486        0.175        2.507            0      156.963        0.241      118.188
      487        0.183        2.493            0      156.649        0.000      117.646
      488        0.158        2.481            0      155.988        0.000      118.317
      489        0.225        2.491            0      156.724        0.120      118.237
      490        0.163        2.485            0      156.411        0.051      117.938
      491        0.155        2.525            0      157.018        0.200      122.007
      492        0.240        2.463            0      154.874        0.000      119.235
      493        0.109        2.510            0      157.495        0.000      120.544
      494        0.229        2.480            0      156.021        0.033      118.762
      495        0.212        2.486            0      156.737        0.133      119.889
      496        0.257        2.482            0      156.251        0.003      120.333
      497        0.185        2.506            0      156.852        0.058      119.771
      498        0.141        2.490            0      156.793        0.000      118.875
      499        0.144        2.475            0      155.683        0.000      119.635
      500        0.167        2.466            0      155.726        0.000      117.960
      501        0.223        2.475            0      156.023        0.463      117.999
      502        0.159        2.481            0      155.632        0.000      119.386
      503        0.242        2.505            0      157.796        0.160      119.648
      504        0.254        2.468            0      155.106        0.000      119.409
      505        0.209        2.494            0      156.610        0.726      121.577
      506        0.228        2.466            0      156.060        1.542      117.518
      507        0.144        2.488            0      156.233        0.000      119.210
      508        0.230        2.495            0      157.337        0.000      117.812
      509        0.147        2.483            0      156.288        0.000      118.090
      510        0.250        2.479            0      156.241        0.009      121.397
      511        0.128        2.504            0      157.159        0.000      118.883
      512        0.243        2.490            0      156.578        0.000      119.197
      513        0.149        2.495            0      156.311        0.000      119.056
      514        0.187        2.479            0      156.085        0.000      119.058
      515        0.204        2.491            0      157.088        0.299      119.357
      516        0.182        2.459            0      155.297        0.927      116.763
      517        0.159        2.484            0      156.727        0.000      117.466
      518        0.207        2.471            0      156.783        0.310      117.297
      519        0.159        2.490            0      156.587        0.000      119.498
      520        0.238        2.500            0      157.740        1.081      117.381
      521        0.175        2.492            0      156.565        0.000      120.830
      522        0.294        2.475            0      156.464        0.000      119.193
      523        0.098        2.483            0      156.143        0.386      118.566
      524        0.204        2.472            0      155.333        0.000      117.417
      525        0.242        2.486            0      156.419        0.000      119.481
      526        0.092        2.501            0      156.297        0.000      120.193
      527        0.160        2.509            0      157.469        1.168      118.144
      528        0.224        2.487            0      156.445        0.196      119.774
      529        0.276        2.481            0      156.691        0.860      118.841
      530        0.211        2.463            0      155.948        0.265      119.877
      531        0.164        2.509            0      157.042        1.568      121.769
      532        0.161        2.492            0      156.747        0.200      118.356
      533        0.093        2.460            0      155.008        0.079      120.446
      534        0.212        2.475            0      156.000        0.131      119.551
      535        0.111        2.500            0      157.520        0.000      117.416
      536        0.220        2.504            0      156.710        0.578      120.986
      537        0.226        2.491            0      156.115        0.159      119.739
      538        0.139        2.503            0      157.190        1.126      117.918
      539        0.118        2.491            0      156.403        0.018      118.316
      540        0.068        2.484            0      155.926        0.174      120.975
      541        0.120        2.515            0      157.089        0.617      120.522
      542        0.242        2.486            0      156.888        0.400      119.109
      543        0.175        2.518            0      158.477        0.660      120.737
      544        0.179        2.501            0      157.443        0.000      119.150
      545        0.187        2.508            0      156.848        0.108      120.230
      546        0.140        2.464            0      155.540        1.195      117.307
      547        0.171        2.495            0      156.571        0.043      117.638
      548        0.193        2.487            0      156.703        2.706      118.924
      549        0.194        2.491            0      156.653        0.243      119.287
      550        0.127        2.517            0      157.074        0.064      120.761
      551        0.201        2.495            0      156.790        0.326      119.480
      552        0.214        2.470            0      155.730        1.301      118.226
      553        0.098        2.475            0      155.350        1.372      119.665
      554        0.174        2.493            0      157.092        2.440      118.669
      555        0.125        2.471            0      156.435        0.057      116.916
      556        0.193        2.482            0      156.088        0.000      118.747
      557        0.190        2.493            0      157.082        0.370      118.931
      558        0.119        2.462            0      156.237        0.000      116.523
      559        0.161        2.502            0      156.558        0.000      119.417
      560        0.273        2.501            0      157.566        1.359      119.312
      561        0.194        2.513            0      157.029       11.279      119.227
      562        0.211        2.490            0      156.345        0.058      117.962
      563        0.104        2.486            0      156.417        0.417      118.431
      564        0.171        2.463            0      155.618        0.000      116.645
      565        0.192        2.483            0      156.171        0.947      120.117
      566        0.135        2.519            0      157.712        6.981      120.442
      567        0.220        2.495            0      156.103        0.551      120.199
      568        0.190        2.479            0      156.039        1.070      118.802
      569        0.132        2.495            0      157.009        0.000      119.790
      570        0.163        2.480            0      155.715        0.970      118.536
      571        0.145        2.496            0      156.529        0.000      120.542
      572        0.180        2.477            0      155.168        0.000      118.981
      573        0.171        2.464            0      155.709        0.486      117.242
      574        0.198        2.511            0      156.868        0.003      119.986
      575        0.180        2.481            0      156.101        0.417      118.184
      576        0.221        2.508            0      157.862        0.444      120.561
      577        0.115        2.483            0      155.797        1.183      119.084
      578        0.157        2.468            0      155.942        0.182      117.379
      579        0.236        2.491            0      156.500        0.022      119.238
      580        0.206        2.469            0      155.406        1.736      117.095
      581        0.078        2.488            0      156.144        0.706      119.905
      582        0.161        2.482            0      156.135        0.210      118.440
      583        0.143        2.485            0      156.197        0.353      120.460
      584        0.103        2.494            0      156.934        0.006      120.030
      585        0.127        2.461            0      155.330        0.135      118.142
      586        0.139        2.513            0      156.509        0.034      122.048
      587        0.198        2.517            0      158.172        0.000      120.937
      588        0.078        2.478            0      156.584        0.003      117.545
      589        0.141        2.476            0      156.440        0.943      117.638
      590        0.227        2.488            0      156.641        0.479      119.935
      591        0.217        2.508            0      157.504        0.002      119.895
      592        0.229        2.484            0      156.238        0.038      117.899
      593        0.159        2.502            0      157.241        5.699      119.219
      594        0.186        2.517            0      157.577        0.094      119.905
      595        0.192        2.481            0      156.082        0.024      118.809
      596        0.176        2.487            0      156.088        0.366      118.306
      597        0.316        2.460            0      156.159        0.303      118.466
      598        0.281        2.504            0      157.449        0.687      121.705
      599        0.269        2.470            0      156.343        0.331      119.263
      600        0.152        2.476            0      155.832        0.021      117.231
      601        0.103        2.493            0      156.785        0.000      118.289
      602        0.158        2.500            0      156.417        0.000      120.417
      603        0.207        2.516            0      157.818        0.000      119.596
      604        0.124        2.486            0      156.533        0.744      118.956
      605        0.162        2.483            0      156.771        0.216      118.196
      606        0.155        2.511            0      156.604        0.194      119.712
      607        0.204        2.474            0      156.043        0.019      119.568
      608        0.104        2.463            0      155.991        0.000      118.458
      609        0.178        2.504            0      156.158        0.000      120.240
      610        0.111        2.494            0      156.641        0.208      119.744
      611        0.148        2.481            0      156.191        0.000      119.087
      612        0.141        2.505            0      157.109        0.000      118.906
      613        0.085        2.481            0      156.113        0.151      119.326
      614        0.225        2.473            0      155.890        0.145      119.188
      615        0.174        2.515            0      157.351        0.000      119.126
      616        0.205        2.494            0      156.630        0.414      117.570
      617        0.138        2.514            0      157.347        0.000      120.106
      618        0.132        2.485            0      156.439        1.895      120.386
      619        0.254        2.466            0      155.731        0.134      116.004
      620        0.182        2.487            0      155.990        0.303      119.962
      621        0.162        2.511            0      157.305        1.195      120.370
      622        0.244        2.520            0      157.668        0.611      121.622
      623        0.117        2.482            0      155.409        0.128      118.959
      624        0.207        2.500            0      157.060        0.577      120.711
      625        0.248        2.515            0      158.456        0.154      119.833
      626        0.150        2.447            0      154.169        0.000      117.839
      627        0.264        2.486            0      156.354        1.345      117.854
      628        0.177        2.500            0      157.268        0.239      118.803
      629        0.224        2.485            0      156.550        0.000      118.851
      630        0.077        2.490            0      155.818        0.666      120.255
      631        0.206        2.508            0      157.256        0.000      119.806
      632        0.206        2.468            0      155.342        0.270      117.360
      633        0.198        2.488            0      156.240        0.000      118.914
      634        0.285        2.460            0      155.619        0.478      118.110
      635        0.146        2.498            0      156.662        0.000      118.886
      636        0.310        2.499            0      158.030        0.000      119.504
      637        0.179        2.519            0      157.210        0.000      119.540
      638        0.185        2.467            0      155.554        0.152      118.809
      639        0.161        2.467            0      156.085        0.955      117.990
      640        0.205        2.513            0      157.317        0.646      122.068
      641        0.177        2.484            0      156.260        0.000      117.931
      642        0.113        2.472            0      155.763        0.000      118.158
      643        0.122        2.464            0      155.141        1.490      117.477
      644        0.074        2.485            0      156.193        0.350      119.258
      645        0.280        2.485            0      156.410        0.181      121.094
      646        0.261        2.486            0      156.350        0.000      118.774
      647        0.160        2.500            0      156.675        0.698      117.360
      648        0.177        2.527            0      157.568        1.310      121.275
      649        0.178        2.493            0      156.442        0.237      119.932
      650        0.111        2.470            0      156.380        0.433      118.597
      651        0.167        2.483            0      155.971        0.020      119.539
      652        0.096        2.498            0      156.904        2.904      118.899
      653        0.098        2.501            0      156.814        0.000      122.369
      654        0.141        2.485            0      155.834        1.659      118.003
      655        0.180        2.513            0      157.626        1.457      121.002
      656        0.126        2.500            0      157.079        0.282      119.957
      657        0.184        2.496            0      157.310        1.430      121.109
      658        0.281        2.466            0      155.654        0.267      119.626
      659        0.164        2.504            0      157.277        2.235      120.222
      660        0.103        2.451            0      154.693        0.000      115.168
      661        0.090        2.467            0      156.581        0.582      118.154
      662        0.112        2.504            0      157.260        0.834      120.423
      663        0.119        2.486            0      156.807        1.329      117.786
      664        0.202        2.492            0      155.981        0.428      121.276
      665        0.109        2.473            0      155.703        0.140      117.751
      666        0.140        2.497            0      157.276        0.479      118.442
      667        0.110        2.501            0      156.972        0.000      120.134
      668        0.136        2.464            0      155.017        0.563      117.543
      669        0.125        2.510            0      157.660        0.711      121.090
      670        0.165        2.488            0      155.904        0.245      121.016
      671        0.097        2.485            0      156.406        0.216      120.902
      672        0.173        2.508            0      157.741        1.038      117.990
      673        0.238        2.519            0      158.040        0.145      119.987
      674        0.173        2.503            0      156.714        1.051      120.598
      675        0.190        2.467            0      155.590        0.276      118.098
      676        0.107        2.509            0      157.380        2.554      119.529
      677        0.149        2.493            0      156.861        1.676      120.005
      678        0.165        2.499            0      157.679        0.203      120.688
      679        0.191        2.468            0      155.530        0.161      118.118
      680        0.070        2.474            0      155.766        1.448      119.754
      681        0.117        2.512            0      157.581        0.000      121.429
      682        0.085        2.468            0      155.048        0.844      119.053
      683        0.156        2.472            0      155.044        0.563      118.768
      684        0.221        2.505            0      156.894        1.756      120.684
      685        0.153        2.495            0      156.829        0.677      116.843
      686        0.169        2.472            0      155.563        0.240      119.392
      687        0.141        2.495            0      156.614        1.777      119.545
      688        0.123        2.476            0      155.935        0.542      117.360
      689        0.111        2.455            0      154.816        2.795      117.081
      690        0.275        2.497            0      157.096        0.000      120.893
      691        0.161        2.488            0      156.463        0.234      118.881
      692        0.234        2.472            0      155.341        3.856      118.577
      693        0.203        2.490            0      156.901        1.886      117.608
      694        0.109        2.493            0      156.652        0.241      118.745
      695        0.114        2.475            0      156.610        0.435      119.238
      696        0.153        2.502            0      156.358        0.000      118.447
      697        0.223        2.469            0      156.507        0.276      118.106
      698        0.128        2.487            0      156.860        0.026      120.082
      699        0.083        2.483            0      156.064        0.000      118.771
      700        0.093        2.514            0      157.741        0.029      120.905
      701        0.262        2.483            0      156.841        0.087      120.750
      702        0.219        2.496            0      156.325        0.085      120.182
      703        0.164        2.474            0      156.667        0.014      117.009
      704        0.283        2.462            0      155.896        0.761      117.441
      705        0.147        2.496            0      156.913        0.537      118.859
      706        0.188        2.494            0      157.053        1.147      120.438
      707        0.129        2.500            0      157.215        0.216      119.609
      708        0.207        2.515            0      157.877        0.264      119.042
      709        0.257        2.480            0      156.276        0.010      119.119
      710        0.168        2.481            0      155.968        0.000      119.354
      711        0.153        2.510            0      156.879        0.089      121.406
      712        0.195        2.503            0      156.800        0.203      118.590
      713        0.154        2.483            0      156.040        0.000      119.582
      714        0.131        2.470            0      156.208        0.521      118.928
      715        0.142        2.508            0      157.211        0.199      120.000
      716        0.167        2.520            0      158.290        0.006      120.598
      717        0.139        2.496            0      157.256        0.000      119.107
      718        0.176        2.499            0      157.488        0.985      120.270
      719        0.068        2.496            0      156.420        0.000      121.188
      720        0.079        2.471            0      155.983        0.000      119.872
      721        0.139        2.528            0      158.358        0.000      120.495
      722        0.189        2.494            0      156.113        0.245      119.634
      723        0.102        2.469            0      155.818        0.220      118.967
      724        0.129        2.487            0      155.655        0.171      120.577
      725        0.104        2.520            0      157.714        0.000      120.961
      726        0.134        2.488            0      156.202        0.000      119.973
      727        0.175        2.475            0      155.897        0.052      121.428
      728        0.230        2.482            0      156.501        0.161      120.025
      729        0.188        2.482            0      155.992        0.639      118.644
      730        0.189        2.508            0      156.822        0.003      118.028
      731        0.198        2.477            0      156.498        0.187      120.441
      732        0.195        2.466            0      154.152        0.000      117.941
      733        0.121        2.477            0      155.448        0.000      119.110
      734        0.252        2.471            0      156.737        0.098      120.865
      735        0.223        2.504            0      156.269        0.383      120.265
      736        0.183        2.498            0      156.823        0.117      118.427
      737        0.166        2.512            0      157.760        0.467      118.459
      738        0.148        2.503            0      157.243        0.000      119.878
      739        0.141        2.464            0      155.902        0.542      117.632
      740        0.128        2.469            0      155.405        0.000      118.595
      741        0.104        2.438            0      154.593        0.000      116.134
      742        0.121        2.510            0      157.771        0.026      119.176
      743        0.104        2.493            0      157.151        0.000      119.294
      744        0.165        2.503            0      156.664        0.000      119.571
      745        0.147        2.473            0      155.490        1.297      117.066
      746        0.173        2.503            0      156.405        0.413      122.934
      747        0.224        2.486            0      156.356        0.876      118.588
      748        0.212        2.475            0      156.179        0.431      119.746
      749        0.149        2.491            0      156.296        0.921      119.676
      750        0.144        2.500            0      156.696        0.000      120.323
      751        0.175        2.496            0      156.929        0.000      119.660
      752        0.072        2.476            0      156.173        0.000      119.567
      753        0.172        2.503            0      156.030        0.000      118.613
      754        0.115        2.484            0      155.825        0.000      120.030
      755        0.203        2.501            0      157.501        0.871      119.425
      756        0.137        2.495            0      156.424        0.000      120.262
      757        0.296        2.479            0      156.586        0.146      119.853
      758        0.153        2.496            0      156.176        0.747      118.819
      759        0.201        2.467            0      155.700        2.623      118.088
      760        0.135        2.479            0      155.976        0.000      117.838
      761        0.088        2.451            0      155.117        0.549      118.780
      762        0.159        2.497            0      157.151        0.120      120.145
      763        0.174        2.492            0      156.792        1.699      118.992
      764        0.186        2.495            0      156.702        0.395      119.454
      765        0.262        2.494            0      156.984        0.230      120.456
      766        0.132        2.510            0      156.401        0.650      120.004
      767        0.129        2.500            0      157.375        0.000      120.266
      768        0.112        2.490            0      156.299        0.000      118.835
      769        0.178        2.468            0      155.486        1.092      119.324
      770        0.212        2.503            0      157.198        0.018      119.105
      771        0.182        2.503            0      156.642        0.953      121.326
      772        0.164        2.488            0      156.281        0.912      118.814
      773        0.154        2.474            0      155.762        0.379      117.271
      774        0.078        2.489            0      156.952        0.000      120.568
      775        0.114        2.489            0      156.663        0.000      119.524
      776        0.271        2.476            0      155.707        0.934      120.909
      777        0.192        2.475            0      156.130        0.741      117.867
      778        0.205        2.507            0      156.992        0.080      118.663
      779        0.144        2.483            0      156.846        0.273      118.730
      780        0.123        2.530            0      157.894        0.266      121.817
      781        0.122        2.484            0      156.415        0.137      120.052
      782        0.202        2.505            0      156.893        0.161      120.130
      783        0.263        2.485            0      156.313        0.217      121.254
      784        0.172        2.490            0      156.410        0.292      118.802
      785        0.220        2.484            0      156.271        0.408      120.252
      786        0.238        2.497            0      157.402        0.053      118.014
      787        0.105        2.471            0      155.303        0.000      118.163
      788        0.164        2.511            0      157.134        1.386      118.862
      789        0.069        2.491            0      156.901        0.000      116.947
      790        0.154        2.500            0      156.503        0.000      119.775
      791        0.122        2.469            0      155.498        0.170      119.151
      792        0.207        2.486            0      155.795        0.385      118.144
      793        0.222        2.476            0      155.942        0.009      118.269
      794        0.306        2.467            0      155.821        0.778      120.300
      795        0.181        2.482            0      156.466        0.050      119.174
      796        0.161        2.521            0      157.461        0.827      121.087
      797        0.168        2.483            0      156.200        0.271      118.038
      798        0.162        2.506            0      157.480        0.331      120.117
      799        0.124        2.471            0      156.023        0.000      118.525
      800        0.119        2.472            0      155.452        0.000      119.173
      801        0.151        2.488            0      156.926        1.613      118.696
      802        0.092        2.490            0      157.309        4.686      119.791
      803        0.135        2.490            0      156.117        0.633      119.299
      804        0.204        2.479            0      155.799        0.000      120.466
      805        0.130        2.470            0      155.625        0.084      118.247
      806        0.133        2.479            0      155.691        0.000      119.136
      807        0.199        2.466            0      155.731        1.737      116.797
      808        0.143        2.474            0      156.174        0.000      117.705
      809        0.108        2.488            0      156.473        0.000      117.475
      810        0.168        2.511            0      157.693        0.657      119.586
      811        0.173        2.497            0      155.991        0.043      119.211
      812        0.167        2.464            0      155.369        1.052      117.484
      813        0.086        2.451            0      154.548        0.000      116.422
      814        0.138        2.493            0      155.906        0.083      118.386
      815        0.084        2.497            0      157.275        5.341      118.584
      816        0.143        2.478            0      156.464        4.191      117.144
      817        0.140        2.503            0      157.248        0.172      119.661
      818        0.110        2.480            0      156.309        0.000      119.419
      819        0.132        2.472            0      154.865        0.267      117.968
      820        0.152        2.464            0      155.061        0.193      118.814
      821        0.241        2.500            0      156.270        0.617      119.087
      822        0.168        2.489            0      156.957        0.099      118.086
      823        0.172        2.539            0      158.116        0.553      120.718
      824        0.075        2.459            0      154.576        0.340      117.451
      825        0.097        2.500            0      156.861        0.052      119.263
      826        0.111        2.503            0      157.372        0.000      119.580
      827        0.213        2.508            0      157.701        0.000      118.533
      828        0.241        2.504            0      157.235        0.465      121.172
      829        0.132        2.462            0      155.539        0.000      117.856
      830        0.182        2.482            0      156.159        0.621      120.415
      831        0.100        2.501            0      156.467        0.494      119.629
      832        0.151        2.509            0      156.616        0.595      121.372
      833        0.187        2.483            0      156.683        0.656      119.764
      834        0.267        2.494            0      156.726        0.868      119.876
      835        0.100        2.493            0      156.598        0.860      118.343
      836        0.151        2.495            0      156.834        1.110      120.449
      837        0.148        2.497            0      156.929        1.202      117.858
      838        0.146        2.516            0      157.267        0.098      121.432
      839        0.223        2.482            0      156.317        0.172      119.043
      840        0.127        2.474            0      155.216        0.000      118.634
      841        0.066        2.469            0      154.650        1.544      119.325
      842        0.101        2.468            0      156.100        0.000      117.640
      843        0.118        2.509            0      157.176        1.526      120.280
      844        0.113        2.486            0      156.107        0.037      119.499
      845        0.129        2.487            0      156.063        1.507      119.330
      846        0.125        2.461            0      155.179        0.000      118.026
      847        0.096        2.469            0      156.267        0.000      118.791
      848        0.194        2.486            0      156.740        0.000      119.467
      849        0.116        2.467            0      155.213        1.193      118.401
      850        0.165        2.481            0      157.128        0.000      117.525
      851        0.133        2.486            0      155.437        0.081      118.361
      852        0.077        2.476            0      156.239        0.521      118.605
      853        0.095        2.465            0      155.566        0.714      118.248
      854        0.090        2.485            0      155.548        0.198      118.597
      855        0.234        2.476            0      155.431        0.064      117.738
      856        0.150        2.507            0      157.646        0.000      120.904
      857        0.115        2.517            0      158.075        0.000      119.475
      858        0.252        2.492            0      156.880        0.568      121.170
      859        0.144        2.505            0      157.091        0.054      120.638
      860        0.117        2.481            0      156.196        0.100      122.344
      861        0.149        2.482            0      155.915        0.003      120.459
      862        0.137        2.532            0      158.591        0.920      120.454
      863        0.191        2.475            0      156.039        0.116      119.839
      864        0.155        2.469            0      156.004        2.653      117.963
      865        0.101        2.504            0      156.107        1.560      119.945
      866        0.158        2.523            0      157.814        0.000      123.113
      867        0.201        2.506            0      157.486        0.000      120.242
      868        0.110        2.462            0      155.106        0.969      117.862
      869        0.200        2.514            0      157.795        0.670      120.028
      870        0.156        2.483            0      156.023        0.000      119.647
      871        0.247        2.475            0      155.032        0.360      121.050
      872        0.177        2.495            0      156.372        1.287      119.904
      873        0.080        2.494            0      156.210        0.000      121.573
      874        0.224        2.501            0      156.202        0.017      121.073
      875        0.075        2.473            0      155.572        0.275      117.575
      876        0.120        2.501            0      156.291        0.013      120.774
      877        0.165        2.497            0      156.700        0.002      119.533
      878        0.165        2.480            0      156.084        0.242      118.638
      879        0.143        2.500            0      157.863        0.049      117.667
      880        0.121        2.468            0      156.485        1.656      120.314
      881        0.169        2.477            0      155.728        0.837      119.627
      882        0.083        2.491            0      156.954        0.455      119.712
      883        0.119        2.485            0      155.599        1.224      118.469
      884        0.124        2.488            0      156.198        0.038      121.428
      885        0.113        2.496            0      156.058        0.356      118.534
      886        0.195        2.486            0      156.079        0.417      120.700
      887        0.106        2.508            0      157.678        0.400      123.357
      888        0.144        2.512            0      156.701        0.172      121.661
      889        0.081        2.473            0      155.428        2.183      117.009
      890        0.139        2.494            0      156.755        0.000      119.398
      891        0.194        2.496            0      156.831        0.000      118.810
      892        0.172        2.503            0      157.393        0.000      119.316
      893        0.221        2.496            0      156.203        0.000      122.145
      894        0.156        2.496            0      157.126        0.000      118.186
      895        0.166        2.500            0      157.026        0.350      117.730
      896        0.090        2.483            0      155.962        0.000      119.959
      897        0.156        2.509            0      156.692        1.098      121.172
      898        0.177        2.464            0      154.618        1.003      118.647
      899        0.137        2.477            0      155.987        0.354      118.828
      900        0.102        2.474            0      156.515        0.000      119.847
      901        0.224        2.505            0      156.666        0.285      120.480
      902        0.153        2.483            0      156.024        0.370      119.700
      903        0.173        2.485            0      156.379        0.000      118.433
      904        0.185        2.492            0      156.054        2.937      118.778
      905        0.217        2.490            0      156.305        3.619      120.211
      906        0.196        2.502            0      156.993        2.679      118.624
      907        0.285        2.480            0      156.528        0.401      120.395
      908        0.249        2.505            0      157.326        0.407      119.828
      909        0.146        2.487            0      155.717        0.000      117.924
      910        0.189        2.491            0      156.887        0.523      121.570
      911        0.077        2.470            0      155.854        0.864      119.627
      912        0.083        2.506            0      157.017        0.144      120.774
      913        0.145        2.493            0      156.127        1.487      119.835
      914        0.106        2.515            0      157.341        2.152      119.381
      915        0.136        2.482            0      156.657        0.416      118.424
      916        0.206        2.514            0      156.949        0.012      121.041
      917        0.116        2.483            0      156.095        0.000      119.351
      918        0.136        2.496            0      156.979        2.787      119.150
      919        0.087        2.494            0      156.902        0.814      118.095
      920        0.150        2.509            0      157.734        1.663      118.524
      921        0.173        2.492            0      156.321        0.495      118.448
      922        0.242        2.479            0      156.360        0.335      118.457
      923        0.128        2.474            0      155.916        0.650      117.915
      924        0.116        2.477            0      155.764        2.792      121.074
      925        0.139        2.477            0      155.641        2.763      118.998
      926        0.220        2.500            0      157.053        2.135      121.809
      927        0.199        2.466            0      155.890        3.596      119.582
      928        0.114        2.496            0      156.710        2.078      118.945
      929        0.107        2.495            0      157.085        3.070      119.464
      930        0.108        2.473            0      156.344        3.398      118.620
      931        0.132        2.512            0      157.874        2.860      118.777
      932        0.157        2.482            0      155.380        2.506      119.890
      933        0.178        2.495            0      156.648        5.905      120.273
      934        0.157        2.481            0      155.961        2.312      119.698
      935        0.122        2.476            0      155.108        1.964      119.574
      936        0.277        2.475            0      155.748        2.878      120.382
      937        0.111        2.496            0      156.328        2.392      119.672
      938        0.071        2.468            0      155.099        2.687      118.757
      939        0.108        2.507            0      157.286        2.142      120.606
      940        0.098        2.488            0      157.234        0.522      119.046
      941        0.074        2.494            0      156.893        0.774      118.913
      942        0.100        2.485            0      156.489        0.181      120.287
      943        0.073        2.459            0      155.712        0.656      117.757
      944        0.233        2.479            0      155.424        0.000      119.622
      945        0.123        2.514            0      157.740        0.472      119.775
      946        0.109        2.477            0      156.775        0.167      118.063
      947        0.080        2.485            0      156.320        0.416      120.431
      948        0.082        2.447            0      154.440        0.770      117.585
      949        0.122        2.491            0      156.674        0.000      122.038
      950        0.180        2.491            0      156.320        0.451      120.719
      951        0.169        2.504            0      156.620        0.012      119.225
      952        0.108        2.442            0      154.874        0.000      117.465
      953        0.100        2.467            0      155.949        0.566      117.997
      954        0.116        2.500            0      156.769        0.809      118.991
      955        0.191        2.458            0      154.854        0.262      117.937
      956        0.202        2.507            0      157.174        0.104      120.300
      957        0.246        2.478            0      156.625        0.641      120.644
      958        0.152        2.490            0      155.150        1.197      120.061
      959        0.109        2.482            0      156.462        0.986      118.297
      960        0.188        2.499            0      157.160        0.967      119.602
      961        0.093        2.493            0      156.840        1.568      120.209
      962        0.079        2.471            0      155.050        0.531      118.429
      963        0.239        2.512            0      157.745        0.431      120.505
      964        0.122        2.496            0      156.092        0.679      120.623
      965        0.130        2.459            0      155.127        0.589      117.946
      966        0.067        2.463            0      155.576        2.563      118.137
      967        0.107        2.522            0      158.077        0.649      121.168
      968        0.093        2.487            0      156.447        0.708      118.969
      969        0.150        2.500            0      157.008        0.610      119.945
      970        0.179        2.498            0      156.186        0.044      120.499
      971        0.102        2.490            0      155.495        0.400      120.040
      972        0.157        2.481            0      156.095        2.996      119.404
      973        0.076        2.475            0      155.061        0.997      118.611
      974        0.160        2.474            0      156.175        1.039      118.627
      975        0.190        2.484            0      156.064        0.171      119.671
      976        0.138        2.493            0      156.812        0.044      118.221
      977        0.120        2.467            0      155.532        0.000      118.184
      978        0.158        2.449            0      155.561        0.334      115.769
      979        0.179        2.489            0      156.932        0.713      118.921
      980        0.225        2.489            0      156.092        1.494      117.772
      981        0.113        2.471            0      155.737        0.000      118.672
      982        0.072        2.475            0      155.451        0.000      119.137
      983        0.187        2.485            0      156.510        0.474      117.622
      984        0.148        2.472            0      156.169        0.147      120.869
      985        0.151        2.502            0      157.195        0.481      119.079
      986        0.132        2.507            0      156.834        0.121      120.029
      987        0.086        2.504            0      157.073        0.036      120.882
      988        0.150        2.486            0      156.872        0.663      117.119
      989        0.099        2.490            0      156.344        0.093      119.799
      990        0.110        2.483            0      156.033        0.501      118.418
      991        0.119        2.474            0      156.731        0.062      118.010
      992        0.110        2.479            0      156.054        0.680      117.788
      993        0.076        2.467            0      156.017        0.684      119.256
      994        0.117        2.492            0      156.192        0.278      119.988
      995        0.117        2.466            0      154.942        1.358      120.524
      996        0.108        2.475            0      156.429        5.305      117.090
      997        0.185        2.489            0      156.047        0.842      117.766
      998        0.118        2.475            0      156.015        0.436      118.784
      999        0.098        2.474            0      156.290        0.264      117.520
     1000        0.129        2.475            0      156.654        0.269      119.985
