  Frame         RMSD         rGyr      intraHB        MolSA         SASA          PSA
        0        0.000        4.145            1      318.767        2.082      195.817
        1        0.679        4.219            1      321.431        0.000      203.367
        2        0.597        4.112            1      312.867        0.000      194.933
        3        0.689        4.163            1      317.730        0.000      206.210
        4        0.726        4.151            1      317.182        2.190      208.952
        5        0.822        4.114            1      318.764        6.321      208.360
        6        0.655        4.132            1      313.716        0.863      199.505
        7        0.682        4.108            1      316.327        7.847      201.666
        8        0.712        4.200            1      319.796        6.045      206.404
        9        0.611        4.196            1      320.098        5.976      198.899
       10        0.614        4.141            1      315.285        5.149      198.438
       11        0.644        4.198            1      318.127        8.748      198.488
       12        0.752        4.186            1      317.821        6.422      204.121
       13        0.604        4.129            1      314.445        7.413      196.661
       14        0.628        4.187            1      319.039       15.331      201.802
       15        0.595        4.140            1      314.883       10.402      199.080
       16        0.639        4.209            1      318.920        7.342      205.110
       17        0.607        4.165            1      315.446       12.202      191.925
       18        0.795        4.240            1      318.715        7.024      208.978
       19        1.000        4.398            1      322.709        9.059      209.997
       20        0.708        4.251            1      317.487        5.564      206.182
       21        1.209        4.517            1      329.244       14.291      210.709
       22        1.026        4.420            1      325.617       10.970      208.787
       23        1.129        4.529            1      327.552       19.442      209.453
       24        0.834        4.171            2      315.286       16.146      195.274
       25        0.849        4.268            1      321.649        8.213      209.511
       26        0.692        4.088            1      313.256        4.038      200.946
       27        0.595        4.153            1      316.441        5.163      200.334
       28        0.685        4.145            1      314.492        5.359      197.841
       29        0.644        4.243            1      319.642        9.371      205.691
       30        0.652        4.183            1      315.465        6.635      204.875
       31        0.674        4.219            1      318.061        5.249      205.184
       32        0.637        4.171            1      316.225        6.738      200.139
       33        0.638        4.132            1      315.446        6.966      200.829
       34        0.697        4.181            1      316.134        8.524      204.609
       35        0.669        4.150            1      316.854        5.119      192.510
       36        0.679        4.163            1      314.295        9.497      202.139
       37        0.827        4.216            1      321.369       10.379      208.076
       38        0.698        4.166            1      314.777       10.121      203.944
       39        0.790        4.037            1      315.302        8.703      202.856
       40        0.956        4.329            1      319.046       17.017      205.990
       41        0.663        4.156            1      318.742        9.919      199.665
       42        0.634        4.173            1      315.279        6.401      200.870
       43        0.697        4.092            1      315.729        7.340      199.306
       44        0.694        4.236            1      319.301       11.485      202.383
       45        0.638        4.196            1      319.221       11.593      204.419
       46        0.839        4.212            1      323.810        8.189      214.580
       47        0.704        4.174            1      317.503       12.786      201.792
       48        0.728        4.144            1      316.814       12.823      202.940
       49        0.710        4.183            1      315.239       10.010      201.798
       50        0.775        4.221            1      317.707        9.256      203.208
       51        0.611        4.107            1      313.388        9.039      196.989
       52        0.693        4.139            1      316.816        7.554      194.766
       53        0.655        4.155            1      315.897        8.436      197.128
       54        0.703        4.152            1      315.889       11.268      201.727
       55        0.779        4.229            1      317.555       12.822      206.130
       56        0.683        4.145            1      316.976       11.583      204.339
       57        0.680        4.158            1      320.609       11.169      201.142
       58        0.623        4.177            1      319.349        4.246      198.011
       59        0.599        4.147            1      316.850        5.962      200.477
       60        0.804        4.248            1      320.203       17.376      211.004
       61        0.695        4.144            1      317.544       14.838      205.039
       62        0.689        4.152            1      319.386       14.342      205.397
       63        0.836        4.250            1      318.599        6.837      196.531
       64        0.618        4.108            1      314.337       13.218      199.757
       65        0.798        4.277            1      319.978        6.562      204.531
       66        0.671        4.191            1      318.854        4.170      202.733
       67        0.650        4.206            1      318.357       12.561      202.285
       68        0.595        4.108            1      315.226        9.913      195.856
       69        0.908        4.272            2      318.072       11.534      197.509
       70        0.841        4.215            2      317.518       10.265      195.184
       71        0.797        4.264            1      318.562       10.894      200.828
       72        0.734        4.201            2      319.816        9.041      194.607
       73        1.101        4.475            1      325.962       13.919      206.966
       74        1.180        4.535            1      328.743       13.664      205.627
       75        1.096        4.507            1      327.020       16.789      211.537
       76        1.072        4.462            1      328.385       12.340      210.500
       77        1.085        4.517            1      326.659       18.429      217.431
       78        1.259        4.578            1      327.239       15.761      212.433
       79        1.107        4.434            1      325.872        8.783      210.984
       80        1.195        4.510            1      328.302       17.867      204.928
       81        1.100        4.515            1      328.866       15.920      210.146
       82        1.102        4.462            1      326.421       14.057      212.002
       83        1.224        4.563            1      325.263       16.592      209.855
       84        0.972        4.467            1      330.592        9.797      211.178
       85        1.130        4.453            1      325.846        9.121      205.386
       86        1.158        4.552            1      329.005       10.233      211.904
       87        1.125        4.507            1      325.864       10.993      202.113
       88        1.124        4.535            1      326.618       11.064      209.995
       89        1.076        4.497            1      329.334       17.533      212.855
       90        1.043        4.468            1      328.338       11.310      213.099
       91        0.908        4.257            2      316.353        8.839      198.769
       92        1.010        4.438            1      326.921       15.035      205.282
       93        1.089        4.506            1      327.603       17.627      212.701
       94        1.026        4.394            1      327.110       11.524      213.870
       95        1.167        4.522            1      326.026       14.189      206.052
       96        1.341        4.665            2      326.730       15.963      195.885
       97        1.119        4.422            1      320.577       10.656      185.775
       98        0.990        4.389            1      322.170       11.653      183.624
       99        1.132        4.487            2      322.366        8.254      187.065
      100        1.128        4.503            2      323.537        9.465      189.319
      101        1.149        4.454            1      321.285        1.598      190.257
      102        1.211        4.501            2      321.777        0.241      185.353
      103        0.986        4.394            1      322.972        0.964      191.969
      104        1.024        4.424            1      321.996        7.464      192.300
      105        0.969        4.483            1      326.610        7.328      213.299
      106        1.101        4.582            1      327.496        5.572      212.504
      107        0.997        4.497            1      328.038       14.292      214.711
      108        1.040        4.505            1      326.364       13.410      216.739
      109        0.872        4.452            1      327.742       15.123      210.861
      110        0.969        4.522            1      327.892       12.781      215.659
      111        1.049        4.489            1      327.935       10.133      211.559
      112        0.944        4.444            1      325.077       11.606      210.809
      113        0.965        4.373            1      328.934       12.121      211.466
      114        0.975        4.438            1      328.377       12.766      213.527
      115        0.981        4.417            1      328.840        9.599      219.158
      116        0.931        4.323            1      328.770        9.091      216.118
      117        0.942        4.319            1      329.309        8.721      211.158
      118        0.978        4.358            1      327.767       12.106      213.470
      119        0.944        4.352            1      327.343        5.881      216.329
      120        0.945        4.394            1      327.275        8.210      219.422
      121        1.064        4.488            1      329.106        7.096      207.575
      122        0.973        4.382            1      328.450       17.893      211.539
      123        0.837        4.301            1      325.530       15.558      209.754
      124        1.057        4.464            1      327.930        4.280      207.052
      125        1.095        4.560            1      328.451       16.064      208.958
      126        1.121        4.576            1      327.527       33.034      210.379
      127        1.084        4.509            1      330.116       25.489      213.162
      128        1.067        4.468            1      324.621       15.574      204.063
      129        0.922        4.377            1      326.776       11.232      212.571
      130        0.912        4.347            1      326.734        7.382      210.751
      131        1.043        4.506            1      324.887       11.193      212.620
      132        0.878        4.438            1      332.112       13.620      218.080
      133        0.864        4.421            1      328.479        7.031      215.732
      134        0.930        4.323            1      325.706        9.403      210.288
      135        0.962        4.318            1      326.803        7.160      211.815
      136        0.785        4.300            1      325.300        3.114      212.848
      137        1.042        4.446            1      327.180        6.358      214.703
      138        1.041        4.452            1      329.870        7.898      217.270
      139        0.994        4.425            1      327.063       12.050      214.538
      140        1.056        4.464            1      326.367        6.878      208.608
      141        0.963        4.397            1      328.205        4.218      216.725
      142        0.988        4.445            1      328.883        4.702      214.397
      143        0.987        4.380            1      326.337        4.004      215.839
      144        1.082        4.548            1      330.053       13.563      209.877
      145        1.234        4.586            1      325.723       14.020      214.735
      146        1.174        4.550            1      327.346       12.939      214.926
      147        1.057        4.446            1      327.600       10.025      215.799
      148        1.093        4.527            1      330.306       11.713      214.313
      149        0.986        4.425            1      328.173       11.486      212.132
      150        1.140        4.585            1      328.429       14.418      210.040
      151        1.001        4.452            1      329.394       16.018      214.535
      152        0.959        4.436            1      329.548       12.689      215.672
      153        1.038        4.419            1      326.715       13.282      214.370
      154        1.022        4.455            1      327.135       12.435      210.384
      155        0.957        4.394            1      329.599       10.852      214.304
      156        1.061        4.511            1      330.893       12.087      213.889
      157        1.083        4.512            1      331.869       15.291      215.867
      158        1.067        4.478            1      327.430       13.772      212.883
      159        1.271        4.612            1      328.375       22.955      211.259
      160        1.027        4.477            1      326.212       12.161      213.826
      161        1.179        4.589            1      325.421        9.178      211.480
      162        1.105        4.632            1      329.290       11.656      218.591
      163        1.139        4.596            1      329.416       10.792      213.813
      164        1.286        4.586            1      323.828       16.537      210.896
      165        1.027        4.545            1      324.958        9.496      213.853
      166        0.979        4.552            1      324.410       11.621      215.401
      167        1.071        4.598            1      329.246       12.140      213.620
      168        0.798        4.429            1      330.995       10.034      220.585
      169        0.864        4.413            1      326.362        5.161      206.733
      170        0.898        4.407            1      325.308        8.021      210.858
      171        1.118        4.525            1      327.036        8.508      212.230
      172        1.060        4.479            1      327.183       11.217      217.184
      173        0.892        4.263            1      327.134       10.172      213.279
      174        1.186        4.573            1      328.069       12.209      207.130
      175        1.060        4.445            1      324.540       13.914      208.259
      176        0.984        4.432            1      325.943        8.843      212.487
      177        1.042        4.465            1      328.492       13.354      213.869
      178        1.095        4.525            1      326.354       16.843      211.461
      179        1.067        4.468            1      327.771        7.717      210.597
      180        1.075        4.487            1      330.026        8.627      214.394
      181        1.248        4.582            1      327.891       11.583      209.033
      182        1.129        4.466            1      325.580       11.884      210.989
      183        1.097        4.450            1      324.921       12.998      209.843
      184        1.102        4.514            1      327.661       11.743      207.316
      185        1.249        4.576            1      326.089        9.676      205.129
      186        1.001        4.436            1      328.017       10.355      214.263
      187        1.102        4.549            1      327.231        8.914      218.087
      188        1.041        4.377            1      326.656       12.043      213.110
      189        1.155        4.523            1      329.469       10.485      214.652
      190        1.104        4.495            1      328.265       12.616      208.433
      191        1.087        4.454            1      331.465       14.650      212.257
      192        1.046        4.472            1      328.046        9.342      210.041
      193        1.037        4.457            1      328.111        9.174      213.000
      194        1.124        4.546            1      329.942       12.344      216.293
      195        1.109        4.469            1      327.536       13.886      217.521
      196        1.042        4.396            1      325.229       15.546      212.748
      197        0.966        4.466            1      328.242       14.086      219.916
      198        1.001        4.486            1      328.839       14.085      209.859
      199        0.953        4.479            1      324.769       19.089      219.609
      200        0.954        4.441            1      328.167       25.610      213.916
      201        0.925        4.497            1      328.369       13.876      212.911
      202        0.948        4.451            1      326.539       22.519      213.145
      203        0.947        4.366            1      327.897       21.288      213.053
      204        1.004        4.502            1      332.063       14.432      217.339
      205        1.010        4.476            1      325.945       19.865      212.647
      206        0.928        4.466            1      327.335       20.854      213.511
      207        0.850        4.379            1      326.850       14.079      213.822
      208        1.026        4.496            1      331.122       15.037      213.723
      209        0.896        4.412            1      325.442       15.729      215.409
      210        0.872        4.330            1      325.237       10.881      212.289
      211        1.078        4.468            1      325.443       33.441      215.341
      212        0.903        4.426            1      325.785       10.175      210.129
      213        1.150        4.571            1      326.829       22.448      213.392
      214        0.980        4.491            1      328.261       16.555      210.552
      215        0.981        4.448            1      325.640       11.869      212.370
      216        1.066        4.549            1      327.931       17.424      216.723
      217        1.042        4.439            1      328.274       11.751      216.451
      218        1.275        4.625            2      326.073       18.572      200.796
      219        1.039        4.551            1      325.971       21.099      212.516
      220        1.114        4.560            1      323.723       18.286      213.276
      221        1.424        4.611            2      322.000       14.725      189.445
      222        1.295        4.568            2      322.183       11.122      190.025
      223        1.023        4.500            1      328.614       13.306      214.656
      224        1.097        4.530            1      329.514       19.091      211.202
      225        1.068        4.497            1      326.259       16.045      210.765
      226        1.250        4.521            1      325.983       20.016      202.645
      227        1.202        4.544            2      326.491       23.198      193.863
      228        1.009        4.543            1      326.882       15.437      215.608
      229        1.002        4.522            1      326.442       30.258      210.285
      230        1.162        4.563            1      325.891       18.769      209.166
      231        1.051        4.517            1      326.573       11.787      219.373
      232        1.236        4.623            2      325.146       21.957      197.943
      233        1.118        4.524            2      324.567       25.098      193.441
      234        1.027        4.503            1      325.873       25.148      201.259
      235        1.028        4.556            1      329.359       18.241      214.370
      236        0.701        4.133            1      312.742       10.564      205.611
      237        0.982        4.515            1      327.266       18.562      217.716
      238        0.719        4.096            1      310.184        8.575      203.567
      239        0.684        4.149            1      313.813       10.424      207.500
      240        1.009        4.482            1      324.104       24.114      210.364
      241        0.911        4.392            1      326.140       17.657      218.419
      242        1.245        4.510            1      327.837       19.092      210.470
      243        1.399        4.633            1      325.843       21.291      206.256
      244        1.133        4.539            1      326.972       22.380      208.369
      245        1.019        4.418            1      326.508       20.510      210.107
      246        1.132        4.520            1      328.474       14.378      212.148
      247        1.288        4.564            1      327.792       23.042      212.241
      248        1.196        4.537            1      322.277       16.265      201.242
      249        1.068        4.473            1      325.957        6.413      212.488
      250        1.071        4.484            1      328.097       13.125      219.108
      251        1.192        4.523            1      327.939       13.757      205.673
      252        1.062        4.430            1      326.925       19.201      214.117
      253        1.206        4.532            1      327.094       19.283      205.779
      254        1.129        4.533            1      329.183       16.038      216.917
      255        1.230        4.480            1      326.342       14.645      215.232
      256        1.071        4.470            1      327.383       12.111      213.466
      257        1.082        4.477            1      325.979       19.241      210.402
      258        0.925        4.430            1      326.865       15.582      218.205
      259        0.943        4.501            1      329.053       15.302      214.998
      260        1.141        4.591            1      330.063       17.710      215.880
      261        1.051        4.457            1      326.734        9.531      211.877
      262        1.111        4.479            1      327.626       10.766      210.882
      263        1.128        4.515            1      330.412       16.587      208.448
      264        1.218        4.587            1      330.366        6.849      211.254
      265        1.107        4.486            1      327.551        9.684      212.121
      266        1.140        4.555            1      329.991       10.603      212.904
      267        1.011        4.441            1      328.773       13.931      215.586
      268        1.083        4.445            1      329.020       12.558      211.650
      269        1.166        4.495            1      326.335       13.153      209.584
      270        1.166        4.527            1      327.217       11.887      211.670
      271        1.119        4.477            1      326.551       14.784      214.821
      272        1.103        4.468            1      326.636       13.840      209.859
      273        1.135        4.479            1      325.042       12.531      206.683
      274        1.149        4.484            1      328.055        9.438      216.118
      275        1.146        4.495            1      326.914       13.417      211.971
      276        1.109        4.500            1      327.811       13.910      210.062
      277        1.262        4.556            1      325.167       15.287      208.929
      278        1.184        4.542            1      324.931        4.008      207.160
      279        0.946        4.457            1      331.407       10.167      213.561
      280        1.010        4.500            1      328.989       10.353      212.071
      281        0.996        4.480            1      324.994       17.555      214.975
      282        1.153        4.617            1      327.579        7.992      209.674
      283        1.198        4.513            1      322.765        7.366      188.674
      284        1.094        4.472            1      326.234        6.562      207.235
      285        1.159        4.544            1      326.722        7.880      206.603
      286        1.078        4.468            1      326.232       12.941      212.273
      287        1.048        4.408            1      325.706       22.297      212.145
      288        1.059        4.462            1      328.866       15.738      217.982
      289        1.134        4.497            1      326.736       10.348      206.980
      290        1.164        4.552            1      326.971       18.620      205.137
      291        1.229        4.573            1      326.748       12.791      210.226
      292        1.094        4.498            1      327.678       13.036      205.651
      293        1.077        4.430            1      325.272       14.744      210.510
      294        1.105        4.535            1      328.257        8.283      206.408
      295        1.063        4.503            1      329.000        6.927      212.262
      296        1.147        4.507            1      326.120        7.184      207.785
      297        1.148        4.593            1      325.401       12.887      206.088
      298        1.188        4.536            1      327.710       13.051      213.302
      299        1.087        4.464            1      329.018       11.934      212.590
      300        1.087        4.486            1      326.867       11.364      211.428
      301        1.021        4.430            1      328.710       17.256      216.745
      302        1.052        4.465            1      327.617       14.291      208.802
      303        1.161        4.598            1      325.953       24.876      210.112
      304        1.105        4.502            1      328.175       17.466      211.808
      305        1.061        4.459            1      327.291       17.178      220.050
      306        1.091        4.438            1      328.680       16.048      220.141
      307        1.105        4.494            1      327.879       15.913      214.685
      308        1.003        4.459            1      327.584       15.032      204.917
      309        1.047        4.484            1      328.204       14.931      213.186
      310        1.037        4.494            1      329.183        8.382      214.665
      311        1.268        4.623            1      328.902       20.144      210.037
      312        0.987        4.469            1      330.917       14.169      213.560
      313        1.070        4.481            1      328.473       11.600      211.724
      314        1.035        4.465            1      328.852       19.152      212.214
      315        1.083        4.512            1      329.158       16.278      212.749
      316        0.966        4.390            1      327.717       10.174      212.668
      317        1.102        4.472            1      326.299       12.171      204.563
      318        0.899        4.339            1      327.974       11.108      210.560
      319        1.198        4.590            1      328.647       14.514      206.969
      320        1.101        4.487            1      327.856       10.459      210.073
      321        1.149        4.529            1      327.807        6.515      212.296
      322        1.018        4.399            1      329.902        8.449      215.301
      323        1.012        4.441            1      330.974       15.916      209.031
      324        1.018        4.465            1      329.336       14.392      214.814
      325        1.002        4.436            1      328.518       13.333      213.871
      326        0.954        4.428            1      328.522       20.040      213.588
      327        1.008        4.446            1      327.200       18.569      214.825
      328        1.093        4.507            1      326.306       10.303      212.169
      329        1.027        4.506            1      328.426       15.897      210.811
      330        1.043        4.463            1      327.842       17.998      208.722
      331        0.956        4.403            1      326.370        8.131      209.666
      332        1.098        4.555            1      331.802       15.894      218.509
      333        1.010        4.423            1      326.195       18.500      217.618
      334        1.070        4.444            1      327.686       14.803      212.842
      335        0.989        4.376            1      328.230       11.758      213.507
      336        1.020        4.455            1      328.520       11.480      214.389
      337        1.045        4.423            1      326.748       18.321      216.529
      338        1.028        4.474            1      328.188       10.791      212.620
      339        1.010        4.452            1      327.032       15.865      208.673
      340        1.116        4.441            1      324.823        2.636      207.714
      341        1.082        4.419            1      329.538       10.517      218.984
      342        1.021        4.524            1      324.042       10.493      207.240
      343        1.217        4.583            1      326.116        7.288      212.858
      344        1.124        4.575            1      325.448        7.300      206.035
      345        1.010        4.412            1      328.526        9.568      214.882
      346        1.060        4.486            1      330.376        6.123      214.744
      347        1.008        4.424            1      328.030        8.672      219.078
      348        0.949        4.383            1      326.587       12.637      212.749
      349        1.066        4.456            1      328.599        8.958      213.164
      350        1.130        4.509            1      324.828       11.621      211.156
      351        0.888        4.424            1      325.680       18.631      211.674
      352        0.928        4.512            1      324.616       23.616      210.227
      353        1.082        4.547            1      324.016       19.163      213.470
      354        1.090        4.562            1      325.137       27.411      212.819
      355        0.992        4.498            1      324.643       27.582      214.423
      356        1.046        4.537            1      326.491       22.172      213.219
      357        0.852        4.453            1      326.396       19.678      217.138
      358        0.762        4.293            1      319.158       19.378      213.343
      359        0.935        4.444            1      324.324       24.853      213.501
      360        0.886        4.378            1      327.856       17.376      217.649
      361        1.034        4.441            1      327.267       13.861      217.738
      362        1.036        4.383            1      327.709       15.234      221.370
      363        1.027        4.447            1      324.385       16.340      216.304
      364        0.971        4.375            1      325.160       23.179      221.668
      365        1.027        4.448            0      325.787       17.979      219.001
      366        0.786        4.407            1      322.875       23.348      213.489
      367        0.954        4.502            1      326.157       28.950      216.055
      368        1.136        4.634            1      326.905       15.607      215.698
      369        0.944        4.517            1      325.661       23.478      214.614
      370        1.069        4.561            1      326.635       12.829      215.126
      371        1.095        4.546            1      327.687       23.475      217.403
      372        1.061        4.553            1      329.367       17.794      213.360
      373        0.918        4.517            1      326.061       20.089      216.951
      374        1.125        4.532            1      325.192       17.886      220.447
      375        1.275        4.637            1      326.323       13.853      211.528
      376        1.035        4.510            1      325.836       16.433      209.841
      377        1.083        4.563            1      327.943       17.831      213.302
      378        0.936        4.493            1      325.877       15.638      221.460
      379        1.023        4.553            1      328.777       18.194      213.635
      380        1.127        4.510            1      326.260       14.665      207.836
      381        1.407        4.672            1      326.388       17.597      206.730
      382        1.222        4.545            1      326.890       14.699      206.489
      383        1.177        4.600            1      326.534       24.062      211.058
      384        1.168        4.598            2      325.529       24.745      199.538
      385        1.135        4.543            1      328.640       24.134      209.823
      386        1.122        4.462            1      323.648       23.022      206.008
      387        1.051        4.453            1      328.100       18.985      215.484
      388        1.211        4.525            1      326.449       22.902      214.765
      389        1.077        4.467            1      330.974       16.018      212.756
      390        1.091        4.393            1      328.659       20.374      215.467
      391        1.128        4.522            1      329.508       16.234      216.399
      392        0.923        4.394            1      326.632       18.891      212.950
      393        0.952        4.492            1      326.940       14.694      216.374
      394        0.937        4.446            1      326.622       11.625      215.038
      395        1.060        4.521            1      328.180       13.397      210.238
      396        0.892        4.390            1      328.085       11.546      211.978
      397        0.959        4.461            1      327.643        5.581      211.664
      398        0.939        4.520            1      329.878        7.556      217.597
      399        0.994        4.535            1      329.704       10.252      217.728
      400        0.887        4.462            1      327.221        9.390      217.141
      401        0.936        4.396            1      324.558        8.874      212.039
      402        0.935        4.399            1      330.107       13.433      210.367
      403        0.967        4.506            1      328.753        4.931      214.870
      404        0.970        4.462            1      327.887       12.951      219.031
      405        1.174        4.577            1      328.566       18.154      210.030
      406        0.860        4.418            1      327.859       17.069      212.871
      407        1.084        4.455            1      331.206       11.363      216.530
      408        1.277        4.577            1      327.419       14.212      208.298
      409        1.007        4.465            1      327.698       20.147      213.531
      410        1.023        4.454            1      327.563       17.832      212.176
      411        0.975        4.398            1      327.158       20.743      211.946
      412        1.078        4.453            1      329.851       18.872      215.080
      413        1.111        4.527            1      330.596       12.749      220.171
      414        1.001        4.405            1      328.138       10.590      213.193
      415        1.068        4.412            1      328.857       19.769      214.954
      416        1.048        4.474            1      325.477       16.018      213.689
      417        1.008        4.440            1      327.166       12.706      211.991
      418        0.876        4.357            1      328.762        8.345      213.589
      419        1.033        4.472            1      327.120       13.794      217.744
      420        1.184        4.532            1      326.736       12.911      202.409
      421        1.207        4.535            1      329.546       19.486      212.084
      422        1.117        4.508            1      328.923       22.387      213.068
      423        1.230        4.500            1      325.618       10.082      205.026
      424        1.153        4.476            1      329.167       16.104      209.565
      425        1.093        4.523            1      327.534       17.734      209.226
      426        1.119        4.458            1      324.369       13.950      205.668
      427        1.065        4.434            1      330.221       13.760      216.195
      428        1.015        4.438            1      326.250       13.949      215.443
      429        1.112        4.480            1      328.072       20.967      213.708
      430        1.026        4.431            1      328.988       13.160      215.937
      431        1.096        4.507            1      331.539       17.038      216.032
      432        1.088        4.479            1      329.753       11.178      216.291
      433        1.038        4.401            1      326.946       14.501      219.004
      434        1.049        4.492            1      329.239       14.460      220.197
      435        1.268        4.597            1      328.288       20.640      205.800
      436        0.892        4.414            1      325.865        9.053      217.366
      437        0.861        4.408            1      327.115       11.520      215.534
      438        0.899        4.401            1      326.926       13.503      214.821
      439        0.919        4.436            1      327.060       11.890      212.560
      440        0.994        4.408            1      328.581       11.528      220.582
      441        0.989        4.446            1      326.133        8.571      215.250
      442        0.922        4.305            1      329.123       12.541      216.777
      443        0.893        4.377            1      327.834       14.426      214.448
      444        0.919        4.401            1      328.542       16.519      213.907
      445        0.899        4.406            1      325.140       12.806      217.769
      446        0.919        4.346            1      326.788       15.527      214.792
      447        0.881        4.419            1      325.488       15.560      213.308
      448        0.928        4.511            1      329.176       14.652      213.125
      449        1.102        4.507            1      331.100       12.638      218.916
      450        1.104        4.465            1      326.901       15.555      216.050
      451        1.005        4.387            1      328.009        6.840      219.148
      452        1.161        4.498            1      327.854       19.123      209.733
      453        1.126        4.520            1      330.669       12.013      212.085
      454        1.003        4.460            1      328.169       14.713      212.667
      455        1.102        4.507            1      330.295       16.176      215.063
      456        1.140        4.511            1      331.775       19.296      218.436
      457        1.084        4.521            1      328.226       16.219      210.275
      458        0.953        4.385            1      328.636       17.827      211.255
      459        1.214        4.557            1      328.944       20.072      205.840
      460        1.138        4.517            1      328.909       16.027      211.441
      461        1.053        4.440            1      329.729       13.659      214.437
      462        1.136        4.477            1      328.617       12.772      206.921
      463        1.178        4.511            1      324.341       11.048      207.106
      464        1.239        4.533            1      326.586       11.500      210.175
      465        1.090        4.462            1      326.785       10.607      207.413
      466        1.007        4.445            1      328.942       16.076      215.408
      467        1.182        4.551            1      327.942       18.237      210.944
      468        1.088        4.476            1      326.429       10.117      216.081
      469        1.229        4.528            1      325.797       10.749      204.863
      470        0.977        4.453            1      327.901       14.811      216.670
      471        1.024        4.409            1      328.083       13.795      217.502
      472        1.206        4.547            1      327.873       15.926      212.042
      473        1.018        4.419            1      327.553       16.663      212.949
      474        1.038        4.425            1      325.277        9.170      204.832
      475        1.033        4.486            1      328.157       12.098      212.693
      476        1.004        4.465            1      329.765       12.501      218.167
      477        1.021        4.413            1      329.598       12.446      215.922
      478        0.998        4.471            1      328.899        7.035      211.750
      479        1.224        4.557            1      327.814       10.532      209.891
      480        1.038        4.480            1      327.026       10.052      211.517
      481        1.080        4.505            1      328.427       12.069      211.016
      482        1.086        4.502            1      328.659       13.206      207.257
      483        1.045        4.406            1      328.522       11.197      217.596
      484        1.163        4.510            1      328.720       19.317      211.739
      485        1.267        4.511            1      325.856       18.183      215.423
      486        1.376        4.535            1      326.613       12.545      213.306
      487        1.251        4.484            1      327.741       12.983      216.903
      488        1.161        4.457            1      324.724       15.490      216.002
      489        1.142        4.454            1      326.110        8.628      217.735
      490        1.289        4.481            1      324.910       18.476      216.302
      491        1.291        4.527            1      326.302        9.628      215.405
      492        1.240        4.564            1      327.963       13.905      214.249
      493        1.271        4.517            1      325.432       17.075      215.795
      494        1.239        4.546            1      328.146       18.894      218.558
      495        1.188        4.510            1      326.583       15.936      218.111
      496        1.181        4.513            1      325.458        7.611      213.405
      497        0.932        4.470            1      325.945       20.005      217.374
      498        1.035        4.504            1      325.126       17.905      213.692
      499        0.853        4.440            1      324.412       26.999      214.255
      500        0.872        4.407            1      326.371       24.007      219.027
      501        0.957        4.499            1      326.776       20.430      215.156
      502        0.946        4.504            1      325.752       23.201      216.120
      503        0.785        4.332            1      327.672       13.438      216.291
      504        1.012        4.523            1      326.925       22.388      214.968
      505        1.112        4.576            1      328.213       24.033      212.341
      506        1.051        4.461            1      331.264       20.214      213.521
      507        0.993        4.389            1      325.827       12.001      214.877
      508        1.041        4.458            1      326.881       15.932      208.752
      509        1.095        4.505            1      327.046       22.707      215.379
      510        1.111        4.470            1      330.028        7.074      210.753
      511        1.252        4.529            1      328.111       18.826      213.743
      512        1.089        4.504            1      329.815       18.732      214.334
      513        1.007        4.445            1      328.855       23.208      212.789
      514        1.273        4.542            1      326.675       18.490      209.612
      515        1.143        4.485            1      327.801       16.989      208.688
      516        1.039        4.449            1      328.683       10.436      216.870
      517        0.667        4.138            1      316.916       14.275      198.975
      518        0.648        4.161            1      317.378       13.292      202.535
      519        1.058        4.361            1      326.719       14.255      215.778
      520        1.131        4.456            1      325.596        8.132      204.765
      521        1.082        4.480            1      327.557       20.650      213.360
      522        1.209        4.490            1      324.952       13.052      208.089
      523        1.155        4.490            1      325.262       13.887      204.859
      524        1.092        4.474            1      327.353       16.385      209.225
      525        1.173        4.504            1      329.593       20.277      214.156
      526        1.224        4.491            1      327.957       17.279      218.164
      527        1.281        4.517            1      329.173       14.707      224.135
      528        1.239        4.455            1      321.816       17.610      210.061
      529        1.343        4.588            1      327.414       19.441      215.078
      530        1.269        4.525            1      328.284       11.785      218.727
      531        1.298        4.497            1      324.728       12.663      213.537
      532        1.237        4.491            1      325.528       15.020      220.435
      533        1.292        4.518            1      324.366       20.780      210.841
      534        1.124        4.405            1      325.513       22.456      220.969
      535        1.437        4.641            1      324.116       20.773      213.177
      536        1.187        4.522            1      327.422       22.837      215.710
      537        1.109        4.420            1      327.131       18.908      217.380
      538        1.276        4.514            1      328.996       15.678      214.537
      539        1.177        4.515            1      325.492       11.028      216.720
      540        1.064        4.468            1      329.405       21.089      221.288
      541        1.061        4.470            1      327.377       23.661      211.029
      542        1.143        4.502            1      329.302       22.060      207.342
      543        1.038        4.466            1      327.004       23.763      206.392
      544        1.064        4.504            1      329.095       25.796      212.900
      545        1.075        4.486            1      330.622       24.943      212.125
      546        1.090        4.528            1      329.435       24.073      214.101
      547        1.101        4.473            1      330.065       20.491      218.258
      548        1.104        4.526            1      329.247       25.436      218.652
      549        1.019        4.369            1      326.168       18.510      213.590
      550        1.234        4.504            1      325.881       21.600      209.491
      551        1.142        4.454            1      326.396       20.393      209.351
      552        1.129        4.529            1      326.813       22.165      213.199
      553        1.098        4.453            1      328.655       21.171      221.609
      554        1.036        4.429            1      328.276       20.002      218.371
      555        1.158        4.546            1      328.232       13.198      212.127
      556        1.129        4.531            1      329.174       24.413      209.009
      557        1.026        4.437            1      329.259       22.847      216.483
      558        1.107        4.541            1      332.104       14.545      218.946
      559        0.949        4.411            1      327.784       20.580      215.366
      560        1.240        4.558            1      328.123       20.160      205.712
      561        1.163        4.554            1      330.841       22.106      215.329
      562        1.206        4.483            1      325.345       19.647      208.487
      563        1.076        4.459            1      327.476       18.638      211.017
      564        1.082        4.440            1      329.962        6.664      213.310
      565        1.199        4.559            1      328.460       17.849      209.897
      566        1.097        4.453            1      328.215       18.392      214.073
      567        1.105        4.463            1      327.189       17.538      211.197
      568        1.057        4.385            1      325.981       20.617      215.562
      569        1.003        4.439            1      329.286       17.519      214.366
      570        1.051        4.444            1      328.925       11.391      218.449
      571        1.098        4.495            1      326.052       15.976      212.072
      572        1.062        4.479            1      330.431       21.366      218.381
      573        1.163        4.491            1      327.901       23.046      210.179
      574        1.220        4.480            1      329.142       16.591      214.156
      575        1.162        4.491            1      325.544       14.153      207.893
      576        1.024        4.415            1      327.734        8.366      214.112
      577        1.060        4.460            1      327.800       16.280      215.525
      578        1.139        4.605            1      325.906       17.903      212.776
      579        1.017        4.462            1      327.898       19.626      218.920
      580        1.073        4.428            1      327.497       17.692      220.373
      581        0.993        4.366            1      325.745       20.722      221.969
      582        1.166        4.559            1      326.135       13.937      216.233
      583        0.911        4.324            1      326.481       12.024      217.689
      584        0.929        4.355            1      325.904       12.616      218.273
      585        0.970        4.375            1      325.804       14.660      217.049
      586        0.930        4.398            1      326.609       13.769      216.770
      587        0.981        4.448            1      330.820       10.961      216.916
      588        1.205        4.509            1      328.162       18.431      212.144
      589        1.104        4.484            1      327.853       11.155      211.272
      590        1.035        4.479            1      329.657       19.686      211.946
      591        0.994        4.396            1      328.367       15.364      216.595
      592        1.040        4.422            1      327.138       15.167      213.511
      593        1.153        4.496            1      327.744       13.757      208.670
      594        1.071        4.480            1      329.027       12.628      208.216
      595        1.218        4.524            1      327.040       18.447      219.848
      596        1.066        4.425            1      328.605        9.535      209.412
      597        1.061        4.437            1      326.679       12.257      215.688
      598        1.070        4.479            1      329.649       19.879      214.334
      599        1.012        4.435            1      327.736       18.312      216.739
      600        1.099        4.503            1      327.160       23.787      208.494
      601        1.030        4.439            1      326.172       17.091      211.166
      602        1.058        4.464            1      328.987       17.957      214.597
      603        1.048        4.440            1      327.741       16.581      213.454
      604        1.024        4.471            1      326.851       13.902      212.701
      605        1.018        4.463            1      326.490       15.278      215.170
      606        1.006        4.411            1      327.670       17.344      215.221
      607        1.026        4.425            1      327.014       21.341      212.065
      608        1.002        4.381            1      329.651       15.737      216.191
      609        1.047        4.465            1      329.041       13.130      218.234
      610        0.977        4.427            1      327.772       12.436      212.482
      611        1.150        4.544            1      326.784        7.219      212.337
      612        1.114        4.415            1      326.174       11.485      209.126
      613        1.258        4.597            1      329.128        7.943      208.990
      614        1.153        4.505            1      326.637        8.766      209.883
      615        1.204        4.550            1      326.808       18.411      210.217
      616        1.063        4.372            1      327.079       19.830      214.362
      617        1.061        4.408            1      328.148       21.020      212.173
      618        1.254        4.591            1      331.002       16.483      213.128
      619        1.199        4.569            1      330.481       17.469      216.344
      620        1.035        4.399            1      326.492       13.377      222.308
      621        1.016        4.425            1      327.875       13.891      210.983
      622        1.098        4.492            1      327.911       11.050      207.424
      623        1.213        4.581            1      328.451       10.647      211.548
      624        1.006        4.413            1      329.236        9.293      217.643
      625        1.054        4.476            1      329.438       14.681      212.118
      626        1.059        4.399            1      329.143        9.837      221.216
      627        1.007        4.447            1      329.636       13.972      212.990
      628        1.061        4.430            1      328.559        7.296      207.027
      629        0.991        4.455            1      330.254       12.693      214.242
      630        1.311        4.545            1      326.672       18.141      210.926
      631        1.211        4.532            1      327.721       16.993      209.518
      632        1.114        4.474            1      325.447       12.561      209.891
      633        1.232        4.508            1      328.779       17.353      210.062
      634        1.073        4.451            1      327.599       15.557      212.695
      635        1.025        4.369            0      329.602       12.119      217.972
      636        0.937        4.446            1      329.559       16.535      209.716
      637        1.115        4.491            1      321.231       13.513      187.098
      638        1.228        4.523            1      322.387       16.612      190.839
      639        1.249        4.553            2      321.109       10.013      186.427
      640        0.940        4.424            1      324.607       17.419      208.352
      641        0.959        4.479            1      330.373       25.252      215.934
      642        0.867        4.430            1      329.469       11.732      215.278
      643        1.058        4.480            1      326.995       25.780      208.827
      644        1.216        4.499            1      323.418       14.046      206.143
      645        1.010        4.466            1      328.593       20.894      208.679
      646        1.109        4.494            1      328.107       15.392      209.778
      647        1.050        4.491            1      328.221       26.649      212.579
      648        1.179        4.482            1      327.581       17.805      206.356
      649        1.030        4.466            1      325.356       11.563      205.335
      650        1.048        4.455            1      327.682       18.810      212.883
      651        1.134        4.478            1      328.872       17.616      213.319
      652        1.231        4.475            1      325.096       23.150      205.682
      653        1.073        4.504            1      329.714       19.558      216.172
      654        1.032        4.504            1      328.899       18.157      212.931
      655        1.184        4.556            1      327.256       12.245      208.126
      656        1.029        4.478            1      331.330       15.505      212.283
      657        1.291        4.588            1      324.874       16.998      203.389
      658        1.018        4.471            1      327.668       10.998      208.165
      659        1.171        4.522            1      331.297       18.551      216.945
      660        1.096        4.502            1      331.661       14.778      211.362
      661        0.906        4.368            1      327.860       13.041      217.849
      662        0.948        4.475            1      326.851       13.299      217.809
      663        0.834        4.318            1      324.530        7.485      215.369
      664        0.930        4.431            1      328.870       14.764      210.113
      665        0.967        4.441            1      329.647        9.533      217.310
      666        0.903        4.319            1      326.751        4.773      208.867
      667        0.875        4.397            1      328.509        4.931      215.769
      668        1.290        4.441            1      329.235        8.504      221.555
      669        1.105        4.552            1      324.201       11.390      212.432
      670        1.069        4.514            1      325.185       11.625      213.082
      671        0.965        4.448            1      324.728        5.445      212.782
      672        0.955        4.492            1      324.983        2.815      212.893
      673        1.069        4.543            1      325.796        9.079      219.018
      674        0.877        4.467            1      326.245        7.914      217.206
      675        0.973        4.411            1      324.986       10.737      218.477
      676        1.017        4.405            1      329.110       17.469      217.723
      677        0.784        4.357            1      323.219        8.534      214.633
      678        1.062        4.501            1      328.582        6.765      220.779
      679        0.996        4.423            1      326.261        7.651      216.172
      680        0.954        4.363            1      323.450        5.504      220.185
      681        0.919        4.460            1      326.307       12.555      216.465
      682        0.669        4.375            1      330.158        5.784      220.379
      683        0.968        4.446            1      326.928        5.587      214.389
      684        0.982        4.558            1      327.283        9.597      212.174
      685        0.939        4.325            1      325.131        5.093      217.011
      686        0.998        4.426            1      329.077        9.621      218.855
      687        1.018        4.520            1      323.904        9.834      219.477
      688        0.835        4.476            1      327.984       18.065      222.473
      689        0.926        4.432            1      325.725       10.742      213.049
      690        1.152        4.532            1      329.364       10.406      219.678
      691        1.130        4.465            1      322.653       11.001      207.419
      692        1.199        4.526            1      326.896       23.953      214.199
      693        1.108        4.458            1      325.114       18.066      206.804
      694        1.317        4.613            1      325.139       21.412      207.698
      695        1.040        4.526            1      329.182       27.227      212.675
      696        1.058        4.468            1      330.210       21.001      219.799
      697        1.053        4.458            1      326.849       16.477      210.163
      698        1.122        4.499            1      326.465        4.630      208.506
      699        1.196        4.542            1      326.930       23.441      213.109
      700        1.109        4.458            1      326.444       19.820      208.896
      701        0.935        4.332            1      325.768       13.108      212.088
      702        1.142        4.583            1      329.040       18.391      206.663
      703        1.109        4.507            1      327.382       26.426      218.412
      704        1.048        4.457            1      326.756       20.171      207.928
      705        1.062        4.465            1      326.998       24.047      215.003
      706        1.192        4.562            1      327.357       21.021      213.456
      707        1.051        4.480            1      329.993       17.521      214.639
      708        1.017        4.493            1      329.215       21.972      217.957
      709        0.995        4.353            1      327.392       16.545      214.090
      710        1.067        4.469            1      326.113       21.456      214.783
      711        1.047        4.449            1      327.694       17.078      210.357
      712        0.999        4.403            1      327.987       26.035      217.763
      713        1.185        4.472            1      327.297       15.167      215.534
      714        1.007        4.463            1      328.350       19.765      212.374
      715        1.155        4.498            1      325.396       22.494      206.658
      716        1.031        4.442            1      325.698       24.632      205.938
      717        1.062        4.492            1      325.744       17.925      206.168
      718        1.058        4.485            1      330.367        8.666      213.719
      719        1.199        4.549            1      328.888       20.336      213.342
      720        0.932        4.487            1      327.028       22.346      215.345
      721        0.895        4.414            1      327.304       18.187      219.720
      722        1.041        4.599            1      326.900       18.231      213.321
      723        0.961        4.420            1      327.118       18.965      216.813
      724        1.041        4.557            1      325.577       14.206      214.609
      725        0.954        4.406            1      327.297       28.003      219.258
      726        1.024        4.378            1      326.403       20.753      218.129
      727        1.067        4.428            1      326.868       16.304      219.967
      728        1.072        4.440            1      328.155       15.232      224.114
      729        0.954        4.363            1      326.703        9.640      215.519
      730        1.040        4.475            1      330.186       14.191      222.101
      731        0.982        4.378            1      325.918        6.816      217.108
      732        0.988        4.364            1      325.638       10.526      218.738
      733        1.057        4.459            1      327.516       10.010      218.481
      734        0.932        4.449            1      327.271       18.063      220.850
      735        0.938        4.527            1      326.258       13.930      214.551
      736        0.970        4.367            1      324.190       10.801      216.672
      737        1.002        4.546            1      326.718       24.405      219.923
      738        0.945        4.468            1      326.831       15.407      217.889
      739        0.889        4.444            1      330.427       14.866      216.009
      740        1.139        4.546            1      327.922       15.227      210.609
      741        1.036        4.439            1      326.522       16.855      212.619
      742        1.043        4.470            1      329.104       14.132      212.741
      743        1.020        4.434            1      327.499       10.069      209.026
      744        1.156        4.479            1      329.055       11.597      218.251
      745        1.067        4.471            1      328.669       17.036      213.732
      746        1.076        4.505            1      329.434       12.321      211.515
      747        1.049        4.500            1      328.570       17.085      207.784
      748        1.166        4.567            1      328.454       14.034      211.452
      749        1.045        4.467            1      329.767       13.683      219.234
      750        0.897        4.458            1      326.381       12.732      211.865
      751        0.890        4.374            1      327.004        3.720      217.010
      752        0.858        4.313            1      325.225        5.421      215.613
      753        0.845        4.356            1      324.090       10.384      214.456
      754        0.903        4.313            1      327.769        6.000      217.474
      755        0.965        4.406            1      325.600        6.057      214.932
      756        0.871        4.384            1      329.514        7.821      218.691
      757        0.986        4.390            1      326.782       19.120      216.078
      758        1.066        4.529            1      330.872       15.543      215.303
      759        1.062        4.460            1      325.923       20.126      210.680
      760        1.074        4.447            1      328.254       20.616      219.429
      761        0.911        4.391            1      327.626       22.692      212.509
      762        0.941        4.388            1      327.859       12.907      213.838
      763        1.135        4.452            1      329.703       14.669      213.706
      764        1.103        4.449            1      327.111       11.146      213.369
      765        1.085        4.486            1      330.852       13.440      215.186
      766        1.032        4.420            1      327.905       15.526      213.938
      767        0.952        4.357            1      326.463       18.317      214.095
      768        1.173        4.582            1      328.664       19.161      213.436
      769        0.993        4.355            1      326.086       12.209      221.038
      770        1.047        4.582            1      326.558        9.823      216.280
      771        1.050        4.373            1      326.755       17.843      219.505
      772        1.022        4.470            1      328.694       19.577      220.337
      773        1.020        4.405            1      326.895        7.878      216.702
      774        1.083        4.476            1      327.546       17.700      218.126
      775        1.264        4.497            1      326.235       23.546      217.239
      776        1.279        4.550            1      328.132        4.198      220.888
      777        1.203        4.453            1      324.003        6.306      218.072
      778        1.250        4.569            1      325.747        6.021      213.139
      779        1.263        4.481            1      324.731        6.609      217.707
      780        1.185        4.456            1      323.882       10.511      217.912
      781        1.243        4.484            1      325.128       10.379      218.431
      782        1.326        4.560            1      325.422        7.079      214.657
      783        1.258        4.552            1      323.523        7.600      215.008
      784        1.215        4.545            1      328.210       16.200      218.666
      785        1.204        4.526            1      325.924        7.667      222.307
      786        1.252        4.480            1      324.948        4.214      214.983
      787        1.274        4.512            1      324.984        8.608      213.957
      788        1.204        4.453            1      325.715        3.260      220.342
      789        1.184        4.384            1      324.909        6.931      216.990
      790        0.943        4.362            1      325.740       12.565      211.769
      791        0.961        4.349            1      327.361        3.884      214.240
      792        1.169        4.444            1      326.824        5.926      220.676
      793        1.258        4.472            1      326.444        3.760      215.623
      794        1.277        4.469            1      324.821        2.020      220.434
      795        1.231        4.468            1      323.600        8.135      213.895
      796        1.086        4.411            1      326.145        2.994      214.010
      797        1.032        4.421            1      327.772        5.419      217.887
      798        1.037        4.415            1      330.040       20.625      216.724
      799        1.051        4.465            1      327.629        9.429      218.900
      800        1.017        4.432            1      328.814       15.980      219.445
      801        1.163        4.465            1      329.509        1.914      217.539
      802        1.228        4.320            1      328.219        9.398      217.479
      803        1.139        4.435            1      326.306        3.420      220.938
      804        1.181        4.391            1      326.063        7.617      217.792
      805        1.264        4.509            1      325.369        4.541      215.726
      806        1.286        4.494            1      326.687        6.935      215.796
      807        1.202        4.398            1      323.189        4.970      219.116
      808        1.293        4.445            1      325.264       11.841      218.517
      809        1.119        4.368            1      324.935        7.450      217.301
      810        1.205        4.414            1      324.425        4.584      216.310
      811        0.515        4.119            1      322.548        2.951      190.409
      812        0.590        4.105            1      322.625        6.856      190.093
      813        0.599        4.177            1      324.578        3.726      206.548
      814        0.835        4.097            1      321.934        5.255      188.618
      815        0.776        4.198            1      323.719        8.878      200.860
      816        0.778        4.092            1      316.431        9.938      206.534
      817        0.751        4.174            1      319.719       10.358      211.855
      818        0.798        4.148            1      320.157        6.160      206.729
      819        0.762        4.178            1      319.988        5.566      202.876
      820        0.776        4.093            1      317.106        7.489      201.665
      821        0.822        4.072            1      319.808        9.674      203.382
      822        0.739        4.162            1      319.664       10.299      198.467
      823        0.881        4.041            1      315.418        2.855      208.955
      824        0.869        4.044            1      316.555        3.193      209.322
      825        0.913        4.093            1      319.444        2.555      210.553
      826        0.843        4.118            1      318.097        9.208      208.078
      827        0.821        4.114            1      318.155        6.457      209.345
      828        0.762        4.102            1      314.439       10.509      202.731
      829        0.677        4.170            1      320.252       12.523      205.734
      830        0.911        4.139            1      316.796        8.840      195.645
      831        0.911        4.106            1      319.678        4.981      211.477
      832        0.761        4.132            1      318.662       11.499      207.627
      833        0.912        4.095            1      318.798        4.576      209.369
      834        0.930        4.150            1      320.745        3.002      212.625
      835        0.802        4.038            1      313.843        9.789      202.301
      836        0.784        4.085            1      318.075       11.022      204.995
      837        0.813        4.136            1      319.403        7.137      203.426
      838        0.844        4.062            1      314.691        4.187      204.122
      839        0.754        4.156            1      320.975        4.500      201.292
      840        0.686        4.108            1      315.251        2.715      201.325
      841        0.786        4.196            1      321.751       10.488      206.171
      842        0.716        4.088            1      315.296       12.500      202.145
      843        0.878        4.101            1      319.275        8.534      205.050
      844        0.831        4.225            1      322.863        8.073      210.055
      845        0.864        4.099            1      315.558        4.234      206.309
      846        0.932        4.246            1      324.240        4.647      211.158
      847        0.800        4.132            1      319.760        2.534      206.295
      848        0.737        4.144            1      316.770        9.185      203.897
      849        0.674        4.115            1      317.934        5.165      199.579
      850        0.696        4.076            1      315.942       14.366      204.411
      851        0.904        4.062            1      316.691        8.080      209.571
      852        0.878        4.193            1      319.486        8.442      206.822
      853        0.754        4.187            1      321.041       10.303      205.662
      854        0.835        4.183            1      322.870       11.677      212.976
      855        0.776        4.177            1      321.482        7.277      208.947
      856        0.838        4.097            1      318.889        4.087      211.508
      857        0.818        4.138            1      319.039        3.739      210.564
      858        0.918        4.089            1      317.983        6.293      204.524
      859        0.872        4.036            1      315.065        7.132      208.008
      860        0.646        4.122            1      313.342        4.537      202.322
      861        0.936        4.225            1      321.922        4.668      210.045
      862        0.867        4.081            1      316.121        6.866      205.250
      863        0.804        4.071            1      317.201        8.844      204.808
      864        0.753        4.095            1      316.509        5.651      207.153
      865        0.930        4.196            1      319.099        8.843      212.611
      866        0.755        4.121            1      318.432        9.299      208.737
      867        0.816        4.091            1      318.535        5.517      204.766
      868        0.663        4.178            1      315.914        6.007      197.490
      869        0.939        4.108            1      319.270        8.030      208.582
      870        0.710        4.113            1      317.418        9.288      202.192
      871        0.894        4.128            1      319.847        5.656      209.723
      872        0.776        4.156            1      319.791       10.389      209.517
      873        0.798        4.124            1      317.416        6.837      211.729
      874        0.720        4.120            1      318.238        5.540      201.715
      875        0.754        4.130            1      318.093        7.599      205.483
      876        0.729        4.178            1      318.565        8.278      207.182
      877        0.613        4.076            1      312.557        2.591      196.381
      878        0.658        4.154            1      316.906        8.200      201.628
      879        0.661        4.176            1      316.959        4.612      204.152
      880        0.808        4.174            1      321.758        4.486      208.786
      881        0.732        4.223            1      318.727        5.488      207.333
      882        0.761        4.155            1      320.411        5.067      209.456
      883        0.760        4.096            1      316.406        3.141      203.263
      884        0.902        4.109            1      317.866        9.515      209.165
      885        0.844        4.032            1      318.141        6.687      207.336
      886        0.705        4.207            1      318.516        5.423      194.874
      887        0.832        4.120            1      318.288        9.462      210.569
      888        1.010        4.105            1      320.080        5.715      210.730
      889        0.750        4.059            1      314.444        5.579      201.851
      890        0.800        4.184            1      320.157        6.684      209.335
      891        0.771        4.115            1      316.769        3.436      207.972
      892        0.712        4.123            1      315.352        3.233      202.681
      893        0.633        4.115            1      315.970        7.312      202.802
      894        0.766        4.134            1      315.176        5.298      204.628
      895        0.685        4.144            1      318.748        7.243      200.306
      896        0.747        4.145            1      321.045        2.228      199.336
      897        0.722        4.189            1      318.037        7.159      208.404
      898        0.852        4.140            1      319.798        7.674      209.305
      899        0.645        4.102            1      316.843        2.914      199.600
      900        0.830        4.119            1      318.694        5.164      204.646
      901        0.764        4.086            1      317.771        4.382      201.298
      902        0.767        4.068            1      315.740        7.406      195.939
      903        0.884        4.220            1      321.831        8.917      214.967
      904        0.763        4.094            1      316.901        7.129      204.004
      905        0.771        4.081            1      317.312        5.198      205.880
      906        0.796        4.194            1      323.590        3.148      205.324
      907        0.700        4.157            1      318.827        3.914      208.292
      908        0.754        4.206            1      320.071        6.808      212.996
      909        0.909        4.113            1      317.167        4.878      208.151
      910        0.755        4.066            1      319.017        4.482      202.339
      911        0.783        4.089            1      316.875        6.786      205.810
      912        0.717        4.131            1      317.877        5.269      202.611
      913        0.762        4.091            1      315.296        5.913      201.073
      914        0.698        4.062            1      315.208        6.146      198.298
      915        0.646        4.048            1      314.232        1.436      194.676
      916        0.768        4.097            1      317.674       15.420      203.011
      917        0.724        4.075            1      314.231        4.814      205.395
      918        0.903        4.087            1      318.485        4.548      207.244
      919        0.718        4.190            1      320.951        6.183      205.986
      920        0.714        4.162            1      318.397        5.995      203.882
      921        0.856        4.160            1      319.802        8.203      205.036
      922        0.761        4.074            1      317.086        7.370      202.594
      923        0.696        4.141            1      317.213       10.365      205.562
      924        0.763        4.174            1      321.833        8.216      206.212
      925        0.706        4.121            1      315.389       14.403      199.549
      926        0.778        4.146            1      317.620       19.580      205.454
      927        0.678        4.116            1      316.079        8.412      201.613
      928        0.744        4.078            1      316.889        7.150      201.535
      929        0.697        4.093            1      316.934        4.105      206.168
      930        0.622        4.114            1      317.015        5.508      200.457
      931        0.729        4.065            1      315.151        5.719      200.330
      932        0.672        4.199            1      317.868        0.583      207.999
      933        0.672        4.109            1      314.757        1.500      201.546
      934        0.626        4.187            1      318.286        2.499      204.432
      935        0.657        4.117            1      317.133        9.973      204.953
      936        0.689        4.054            1      313.037        8.097      198.887
      937        0.532        4.105            1      313.735        7.721      197.292
      938        0.770        4.103            1      318.241       10.166      204.670
      939        0.696        4.145            1      318.994        8.113      208.226
      940        0.576        4.067            1      313.420        3.855      199.686
      941        0.650        4.169            1      315.798        8.912      206.619
      942        0.713        4.119            1      314.541        6.166      203.829
      943        0.792        4.062            1      316.192        6.044      205.545
      944        0.686        4.095            1      315.202        7.574      202.530
      945        0.777        4.131            1      319.016        7.947      209.263
      946        0.718        4.155            1      317.374        6.935      206.195
      947        0.652        4.136            1      319.473        5.822      199.963
      948        0.733        4.101            1      315.649        9.975      199.785
      949        0.656        4.092            1      315.136        6.107      197.325
      950        0.656        4.124            1      318.102        9.834      201.835
      951        0.731        4.122            1      318.554       10.421      202.161
      952        0.743        4.136            1      317.597       13.322      198.520
      953        0.842        4.119            1      320.096        5.028      208.421
      954        0.884        4.122            1      320.554        6.177      209.627
      955        0.687        4.153            1      314.934        5.953      200.601
      956        0.632        4.124            1      314.018        5.207      200.163
      957        0.764        4.085            1      318.561        8.780      204.922
      958        0.773        4.108            1      317.344       10.778      207.168
      959        0.779        4.125            1      317.568        7.356      201.806
      960        0.757        4.097            1      318.521        4.665      203.525
      961        0.646        4.119            1      315.552       10.674      197.572
      962        0.691        4.159            1      318.570        6.930      200.551
      963        0.652        4.142            1      318.217        9.694      200.795
      964        0.709        4.196            1      320.195       11.632      204.696
      965        0.705        4.188            1      318.354        8.009      206.621
      966        0.699        4.159            1      316.630        8.549      205.679
      967        0.673        4.103            1      317.268        7.123      196.928
      968        0.715        4.084            1      318.546        8.998      200.171
      969        0.668        4.130            1      317.460       13.457      204.210
      970        0.717        4.111            1      318.158        6.521      201.075
      971        0.808        4.087            1      317.254        6.463      207.022
      972        0.681        4.134            1      318.740        5.991      203.013
      973        0.762        4.137            1      320.538        5.720      202.825
      974        0.665        4.087            1      314.529        0.158      194.093
      975        0.682        4.130            1      316.944       11.086      199.839
      976        0.818        4.055            1      317.840        5.620      202.954
      977        0.709        4.092            1      317.416        3.262      201.007
      978        0.717        4.153            1      320.973        5.209      203.205
      979        0.631        4.101            1      314.676        6.751      196.007
      980        0.759        4.139            1      317.000        5.728      201.465
      981        0.637        4.179            1      318.989        6.356      207.494
      982        0.707        4.107            1      317.907        8.127      198.650
      983        0.618        4.159            1      317.331        3.510      198.561
      984        0.705        4.131            1      317.670        4.661      206.472
      985        0.731        4.094            1      316.264        6.699      200.001
      986        0.677        4.176            1      318.180        6.234      208.752
      987        0.606        4.095            1      314.308        1.170      200.845
      988        0.714        4.079            1      317.232        5.222      203.379
      989        0.698        4.139            1      318.183        7.594      199.890
      990        0.655        4.133            1      316.637        5.897      204.672
      991        0.821        4.109            1      315.850        6.327      207.380
      992        0.848        4.039            1      316.002       12.555      205.620
      993        0.748        4.150            1      320.519        3.063      204.519
      994        0.803        4.101            1      316.733        8.178      207.686
      995        0.783        4.108            1      318.318       11.310      206.715
      996        0.826        4.091            1      319.492        8.471      205.085
      997        0.803        4.173            1      319.015        8.950      207.024
      998        0.931        4.016            1      315.239        4.931      208.107
      999        0.804        4.085            1      317.114        8.604      203.136
     1000        0.687        4.124            1      316.844        5.230      207.550
